 frequency       onoise_spectrum
 1.00000000e-01  3.17864992e-05 
 1.02329299e-01  3.14781206e-05 
 1.04712855e-01  3.11727357e-05 
 1.07151931e-01  3.08703154e-05 
 1.09647820e-01  3.05708308e-05 
 1.12201845e-01  3.02742535e-05 
 1.14815362e-01  2.99805552e-05 
 1.17489755e-01  2.96897079e-05 
 1.20226443e-01  2.94016840e-05 
 1.23026877e-01  2.91164561e-05 
 1.25892541e-01  2.88339969e-05 
 1.28824955e-01  2.85542796e-05 
 1.31825674e-01  2.82772776e-05 
 1.34896288e-01  2.80029644e-05 
 1.38038426e-01  2.77313140e-05 
 1.41253754e-01  2.74623005e-05 
 1.44543977e-01  2.71958983e-05 
 1.47910839e-01  2.69320820e-05 
 1.51356125e-01  2.66708265e-05 
 1.54881662e-01  2.64121069e-05 
 1.58489319e-01  2.61558986e-05 
 1.62181010e-01  2.59021772e-05 
 1.65958691e-01  2.56509186e-05 
 1.69824365e-01  2.54020987e-05 
 1.73780083e-01  2.51556941e-05 
 1.77827941e-01  2.49116811e-05 
 1.81970086e-01  2.46700366e-05 
 1.86208714e-01  2.44307375e-05 
 1.90546072e-01  2.41937611e-05 
 1.94984460e-01  2.39590848e-05 
 1.99526231e-01  2.37266863e-05 
 2.04173794e-01  2.34965434e-05 
 2.08929613e-01  2.32686343e-05 
 2.13796209e-01  2.30429372e-05 
 2.18776162e-01  2.28194307e-05 
 2.23872114e-01  2.25980935e-05 
 2.29086765e-01  2.23789045e-05 
 2.34422882e-01  2.21618429e-05 
 2.39883292e-01  2.19468880e-05 
 2.45470892e-01  2.17340193e-05 
 2.51188643e-01  2.15232166e-05 
 2.57039578e-01  2.13144598e-05 
 2.63026799e-01  2.11077291e-05 
 2.69153480e-01  2.09030047e-05 
 2.75422870e-01  2.07002672e-05 
 2.81838293e-01  2.04994974e-05 
 2.88403150e-01  2.03006760e-05 
 2.95120923e-01  2.01037842e-05 
 3.01995172e-01  1.99088032e-05 
 3.09029543e-01  1.97157144e-05 
 3.16227766e-01  1.95244996e-05 
 3.23593657e-01  1.93351405e-05 
 3.31131121e-01  1.91476190e-05 
 3.38844156e-01  1.89619174e-05 
 3.46736850e-01  1.87780179e-05 
 3.54813389e-01  1.85959031e-05 
 3.63078055e-01  1.84155557e-05 
 3.71535229e-01  1.82369584e-05 
 3.80189396e-01  1.80600942e-05 
 3.89045145e-01  1.78849465e-05 
 3.98107171e-01  1.77114984e-05 
 4.07380278e-01  1.75397334e-05 
 4.16869383e-01  1.73696353e-05 
 4.26579519e-01  1.72011879e-05 
 4.36515832e-01  1.70343751e-05 
 4.46683592e-01  1.68691810e-05 
 4.57088190e-01  1.67055899e-05 
 4.67735141e-01  1.65435864e-05 
 4.78630092e-01  1.63831548e-05 
 4.89778819e-01  1.62242801e-05 
 5.01187234e-01  1.60669470e-05 
 5.12861384e-01  1.59111406e-05 
 5.24807460e-01  1.57568461e-05 
 5.37031796e-01  1.56040488e-05 
 5.49540874e-01  1.54527342e-05 
 5.62341325e-01  1.53028878e-05 
 5.75439937e-01  1.51544955e-05 
 5.88843655e-01  1.50075430e-05 
 6.02559586e-01  1.48620165e-05 
 6.16595002e-01  1.47179020e-05 
 6.30957344e-01  1.45751859e-05 
 6.45654229e-01  1.44338546e-05 
 6.60693448e-01  1.42938946e-05 
 6.76082975e-01  1.41552927e-05 
 6.91830971e-01  1.40180356e-05 
 7.07945784e-01  1.38821103e-05 
 7.24435960e-01  1.37475038e-05 
 7.41310241e-01  1.36142034e-05 
 7.58577575e-01  1.34821963e-05 
 7.76247117e-01  1.33514701e-05 
 7.94328235e-01  1.32220123e-05 
 8.12830516e-01  1.30938105e-05 
 8.31763771e-01  1.29668526e-05 
 8.51138038e-01  1.28411265e-05 
 8.70963590e-01  1.27166203e-05 
 8.91250938e-01  1.25933220e-05 
 9.12010839e-01  1.24712200e-05 
 9.33254301e-01  1.23503027e-05 
 9.54992586e-01  1.22305586e-05 
 9.77237221e-01  1.21119762e-05 
 1.00000000e+00  1.19945443e-05 
 1.02329299e+00  1.18782517e-05 
 1.04712855e+00  1.17630874e-05 
 1.07151931e+00  1.16490404e-05 
 1.09647820e+00  1.15360999e-05 
 1.12201845e+00  1.14242551e-05 
 1.14815362e+00  1.13134954e-05 
 1.17489755e+00  1.12038103e-05 
 1.20226443e+00  1.10951893e-05 
 1.23026877e+00  1.09876220e-05 
 1.25892541e+00  1.08810984e-05 
 1.28824955e+00  1.07756082e-05 
 1.31825674e+00  1.06711414e-05 
 1.34896288e+00  1.05676881e-05 
 1.38038426e+00  1.04652384e-05 
 1.41253754e+00  1.03637826e-05 
 1.44543977e+00  1.02633110e-05 
 1.47910839e+00  1.01638142e-05 
 1.51356125e+00  1.00652826e-05 
 1.54881662e+00  9.96770682e-06 
 1.58489319e+00  9.87107766e-06 
 1.62181010e+00  9.77538590e-06 
 1.65958691e+00  9.68062245e-06 
 1.69824365e+00  9.58677829e-06 
 1.73780083e+00  9.49384450e-06 
 1.77827941e+00  9.40181225e-06 
 1.81970086e+00  9.31067278e-06 
 1.86208714e+00  9.22041743e-06 
 1.90546072e+00  9.13103762e-06 
 1.94984460e+00  9.04252486e-06 
 1.99526231e+00  8.95487072e-06 
 2.04173794e+00  8.86806687e-06 
 2.08929613e+00  8.78210507e-06 
 2.13796209e+00  8.69697714e-06 
 2.18776162e+00  8.61267499e-06 
 2.23872114e+00  8.52919060e-06 
 2.29086765e+00  8.44651603e-06 
 2.34422882e+00  8.36464344e-06 
 2.39883292e+00  8.28356503e-06 
 2.45470892e+00  8.20327310e-06 
 2.51188643e+00  8.12376001e-06 
 2.57039578e+00  8.04501821e-06 
 2.63026799e+00  7.96704022e-06 
 2.69153480e+00  7.88981861e-06 
 2.75422870e+00  7.81334606e-06 
 2.81838293e+00  7.73761529e-06 
 2.88403150e+00  7.66261910e-06 
 2.95120923e+00  7.58835037e-06 
 3.01995172e+00  7.51480203e-06 
 3.09029543e+00  7.44196710e-06 
 3.16227766e+00  7.36983865e-06 
 3.23593657e+00  7.29840983e-06 
 3.31131121e+00  7.22767384e-06 
 3.38844156e+00  7.15762398e-06 
 3.46736850e+00  7.08825357e-06 
 3.54813389e+00  7.01955602e-06 
 3.63078055e+00  6.95152481e-06 
 3.71535229e+00  6.88415348e-06 
 3.80189396e+00  6.81743561e-06 
 3.89045145e+00  6.75136487e-06 
 3.98107171e+00  6.68593497e-06 
 4.07380278e+00  6.62113971e-06 
 4.16869383e+00  6.55697292e-06 
 4.26579519e+00  6.49342851e-06 
 4.36515832e+00  6.43050043e-06 
 4.46683592e+00  6.36818271e-06 
 4.57088190e+00  6.30646942e-06 
 4.67735141e+00  6.24535470e-06 
 4.78630092e+00  6.18483275e-06 
 4.89778819e+00  6.12489781e-06 
 5.01187234e+00  6.06554418e-06 
 5.12861384e+00  6.00676624e-06 
 5.24807460e+00  5.94855838e-06 
 5.37031796e+00  5.89091509e-06 
 5.49540874e+00  5.83383087e-06 
 5.62341325e+00  5.77730032e-06 
 5.75439937e+00  5.72131806e-06 
 5.88843655e+00  5.66587877e-06 
 6.02559586e+00  5.61097717e-06 
 6.16595002e+00  5.55660807e-06 
 6.30957344e+00  5.50276628e-06 
 6.45654229e+00  5.44944670e-06 
 6.60693448e+00  5.39664426e-06 
 6.76082975e+00  5.34435394e-06 
 6.91830971e+00  5.29257077e-06 
 7.07945784e+00  5.24128984e-06 
 7.24435960e+00  5.19050627e-06 
 7.41310241e+00  5.14021524e-06 
 7.58577575e+00  5.09041197e-06 
 7.76247117e+00  5.04109173e-06 
 7.94328235e+00  4.99224983e-06 
 8.12830516e+00  4.94388163e-06 
 8.31763771e+00  4.89598255e-06 
 8.51138038e+00  4.84854802e-06 
 8.70963590e+00  4.80157355e-06 
 8.91250938e+00  4.75505466e-06 
 9.12010839e+00  4.70898695e-06 
 9.33254301e+00  4.66336603e-06 
 9.54992586e+00  4.61818758e-06 
 9.77237221e+00  4.57344729e-06 
 1.00000000e+01  4.52914093e-06 
 1.02329299e+01  4.48526427e-06 
 1.04712855e+01  4.44181316e-06 
 1.07151931e+01  4.39878347e-06 
 1.09647820e+01  4.35617111e-06 
 1.12201845e+01  4.31397203e-06 
 1.14815362e+01  4.27218223e-06 
 1.17489755e+01  4.23079773e-06 
 1.20226443e+01  4.18981460e-06 
 1.23026877e+01  4.14922896e-06 
 1.25892541e+01  4.10903694e-06 
 1.28824955e+01  4.06923474e-06 
 1.31825674e+01  4.02981856e-06 
 1.34896288e+01  3.99078467e-06 
 1.38038426e+01  3.95212936e-06 
 1.41253754e+01  3.91384896e-06 
 1.44543977e+01  3.87593983e-06 
 1.47910839e+01  3.83839838e-06 
 1.51356125e+01  3.80122103e-06 
 1.54881662e+01  3.76440426e-06 
 1.58489319e+01  3.72794456e-06 
 1.62181010e+01  3.69183849e-06 
 1.65958691e+01  3.65608261e-06 
 1.69824365e+01  3.62067351e-06 
 1.73780083e+01  3.58560785e-06 
 1.77827941e+01  3.55088230e-06 
 1.81970086e+01  3.51649354e-06 
 1.86208714e+01  3.48243833e-06 
 1.90546072e+01  3.44871341e-06 
 1.94984460e+01  3.41531560e-06 
 1.99526231e+01  3.38224173e-06 
 2.04173794e+01  3.34948864e-06 
 2.08929613e+01  3.31705323e-06 
 2.13796209e+01  3.28493243e-06 
 2.18776162e+01  3.25312317e-06 
 2.23872114e+01  3.22162245e-06 
 2.29086765e+01  3.19042726e-06 
 2.34422882e+01  3.15953465e-06 
 2.39883292e+01  3.12894169e-06 
 2.45470892e+01  3.09864547e-06 
 2.51188643e+01  3.06864311e-06 
 2.57039578e+01  3.03893177e-06 
 2.63026799e+01  3.00950862e-06 
 2.69153480e+01  2.98037087e-06 
 2.75422870e+01  2.95151576e-06 
 2.81838293e+01  2.92294054e-06 
 2.88403150e+01  2.89464251e-06 
 2.95120923e+01  2.86661897e-06 
 3.01995172e+01  2.83886726e-06 
 3.09029543e+01  2.81138476e-06 
 3.16227766e+01  2.78416885e-06 
 3.23593657e+01  2.75721694e-06 
 3.31131121e+01  2.73052649e-06 
 3.38844156e+01  2.70409495e-06 
 3.46736850e+01  2.67791982e-06 
 3.54813389e+01  2.65199861e-06 
 3.63078055e+01  2.62632887e-06 
 3.71535229e+01  2.60090814e-06 
 3.80189396e+01  2.57573403e-06 
 3.89045145e+01  2.55080415e-06 
 3.98107171e+01  2.52611611e-06 
 4.07380278e+01  2.50166759e-06 
 4.16869383e+01  2.47745627e-06 
 4.26579519e+01  2.45347983e-06 
 4.36515832e+01  2.42973602e-06 
 4.46683592e+01  2.40622256e-06 
 4.57088190e+01  2.38293725e-06 
 4.67735141e+01  2.35987785e-06 
 4.78630092e+01  2.33704219e-06 
 4.89778819e+01  2.31442809e-06 
 5.01187234e+01  2.29203341e-06 
 5.12861384e+01  2.26985603e-06 
 5.24807460e+01  2.24789384e-06 
 5.37031796e+01  2.22614475e-06 
 5.49540874e+01  2.20460671e-06 
 5.62341325e+01  2.18327766e-06 
 5.75439937e+01  2.16215558e-06 
 5.88843655e+01  2.14123848e-06 
 6.02559586e+01  2.12052435e-06 
 6.16595002e+01  2.10001125e-06 
 6.30957344e+01  2.07969721e-06 
 6.45654229e+01  2.05958032e-06 
 6.60693448e+01  2.03965866e-06 
 6.76082975e+01  2.01993035e-06 
 6.91830971e+01  2.00039350e-06 
 7.07945784e+01  1.98104628e-06 
 7.24435960e+01  1.96188683e-06 
 7.41310241e+01  1.94291335e-06 
 7.58577575e+01  1.92412403e-06 
 7.76247117e+01  1.90551709e-06 
 7.94328235e+01  1.88709077e-06 
 8.12830516e+01  1.86884331e-06 
 8.31763771e+01  1.85077299e-06 
 8.51138038e+01  1.83287808e-06 
 8.70963590e+01  1.81515690e-06 
 8.91250938e+01  1.79760776e-06 
 9.12010839e+01  1.78022900e-06 
 9.33254301e+01  1.76301896e-06 
 9.54992586e+01  1.74597601e-06 
 9.77237221e+01  1.72909854e-06 
 1.00000000e+02  1.71238494e-06 
 1.02329299e+02  1.69583364e-06 
 1.04712855e+02  1.67944305e-06 
 1.07151931e+02  1.66321163e-06 
 1.09647820e+02  1.64713783e-06 
 1.12201845e+02  1.63122013e-06 
 1.14815362e+02  1.61545702e-06 
 1.17489755e+02  1.59984700e-06 
 1.20226443e+02  1.58438860e-06 
 1.23026877e+02  1.56908034e-06 
 1.25892541e+02  1.55392077e-06 
 1.28824955e+02  1.53890846e-06 
 1.31825674e+02  1.52404198e-06 
 1.34896288e+02  1.50931992e-06 
 1.38038426e+02  1.49474089e-06 
 1.41253754e+02  1.48030349e-06 
 1.44543977e+02  1.46600637e-06 
 1.47910839e+02  1.45184816e-06 
 1.51356125e+02  1.43782753e-06 
 1.54881662e+02  1.42394314e-06 
 1.58489319e+02  1.41019367e-06 
 1.62181010e+02  1.39657782e-06 
 1.65958691e+02  1.38309431e-06 
 1.69824365e+02  1.36974184e-06 
 1.73780083e+02  1.35651916e-06 
 1.77827941e+02  1.34342500e-06 
 1.81970086e+02  1.33045814e-06 
 1.86208714e+02  1.31761733e-06 
 1.90546072e+02  1.30490136e-06 
 1.94984460e+02  1.29230902e-06 
 1.99526231e+02  1.27983913e-06 
 2.04173794e+02  1.26749049e-06 
 2.08929613e+02  1.25526193e-06 
 2.13796209e+02  1.24315230e-06 
 2.18776162e+02  1.23116045e-06 
 2.23872114e+02  1.21928523e-06 
 2.29086765e+02  1.20752553e-06 
 2.34422882e+02  1.19588023e-06 
 2.39883292e+02  1.18434822e-06 
 2.45470892e+02  1.17292841e-06 
 2.51188643e+02  1.16161971e-06 
 2.57039578e+02  1.15042106e-06 
 2.63026799e+02  1.13933139e-06 
 2.69153480e+02  1.12834965e-06 
 2.75422870e+02  1.11747480e-06 
 2.81838293e+02  1.10670580e-06 
 2.88403150e+02  1.09604164e-06 
 2.95120923e+02  1.08548131e-06 
 3.01995172e+02  1.07502380e-06 
 3.09029543e+02  1.06466812e-06 
 3.16227766e+02  1.05441329e-06 
 3.23593657e+02  1.04425833e-06 
 3.31131121e+02  1.03420229e-06 
 3.38844156e+02  1.02424421e-06 
 3.46736850e+02  1.01438315e-06 
 3.54813389e+02  1.00461816e-06 
 3.63078055e+02  9.94948329e-07 
 3.71535229e+02  9.85372736e-07 
 3.80189396e+02  9.75890472e-07 
 3.89045145e+02  9.66500638e-07 
 3.98107171e+02  9.57202344e-07 
 4.07380278e+02  9.47994708e-07 
 4.16869383e+02  9.38876857e-07 
 4.26579519e+02  9.29847926e-07 
 4.36515832e+02  9.20907060e-07 
 4.46683592e+02  9.12053409e-07 
 4.57088190e+02  9.03286136e-07 
 4.67735141e+02  8.94604407e-07 
 4.78630092e+02  8.86007401e-07 
 4.89778819e+02  8.77494302e-07 
 5.01187234e+02  8.69064302e-07 
 5.12861384e+02  8.60716603e-07 
 5.24807460e+02  8.52450413e-07 
 5.37031796e+02  8.44264947e-07 
 5.49540874e+02  8.36159431e-07 
 5.62341325e+02  8.28133094e-07 
 5.75439937e+02  8.20185177e-07 
 5.88843655e+02  8.12314925e-07 
 6.02559586e+02  8.04521592e-07 
 6.16595002e+02  7.96804440e-07 
 6.30957344e+02  7.89162736e-07 
 6.45654229e+02  7.81595756e-07 
 6.60693448e+02  7.74102782e-07 
 6.76082975e+02  7.66683104e-07 
 6.91830971e+02  7.59336019e-07 
 7.07945784e+02  7.52060829e-07 
 7.24435960e+02  7.44856845e-07 
 7.41310241e+02  7.37723383e-07 
 7.58577575e+02  7.30659768e-07 
 7.76247117e+02  7.23665329e-07 
 7.94328235e+02  7.16739404e-07 
 8.12830516e+02  7.09881335e-07 
 8.31763771e+02  7.03090472e-07 
 8.51138038e+02  6.96366171e-07 
 8.70963590e+02  6.89707795e-07 
 8.91250938e+02  6.83114712e-07 
 9.12010839e+02  6.76586297e-07 
 9.33254301e+02  6.70121930e-07 
 9.54992586e+02  6.63721000e-07 
 9.77237221e+02  6.57382898e-07 
 1.00000000e+03  6.51107024e-07 
 1.02329299e+03  6.44892783e-07 
 1.04712855e+03  6.38739585e-07 
 1.07151931e+03  6.32646847e-07 
 1.09647820e+03  6.26613990e-07 
 1.12201845e+03  6.20640444e-07 
 1.14815362e+03  6.14725640e-07 
 1.17489755e+03  6.08869019e-07 
 1.20226443e+03  6.03070024e-07 
 1.23026877e+03  5.97328107e-07 
 1.25892541e+03  5.91642721e-07 
 1.28824955e+03  5.86013328e-07 
 1.31825674e+03  5.80439394e-07 
 1.34896288e+03  5.74920391e-07 
 1.38038426e+03  5.69455794e-07 
 1.41253754e+03  5.64045085e-07 
 1.44543977e+03  5.58687751e-07 
 1.47910839e+03  5.53383284e-07 
 1.51356125e+03  5.48131180e-07 
 1.54881662e+03  5.42930941e-07 
 1.58489319e+03  5.37782074e-07 
 1.62181010e+03  5.32684091e-07 
 1.65958691e+03  5.27636507e-07 
 1.69824365e+03  5.22638843e-07 
 1.73780083e+03  5.17690626e-07 
 1.77827941e+03  5.12791386e-07 
 1.81970086e+03  5.07940657e-07 
 1.86208714e+03  5.03137980e-07 
 1.90546072e+03  4.98382898e-07 
 1.94984460e+03  4.93674960e-07 
 1.99526231e+03  4.89013720e-07 
 2.04173794e+03  4.84398734e-07 
 2.08929613e+03  4.79829565e-07 
 2.13796209e+03  4.75305779e-07 
 2.18776162e+03  4.70826946e-07 
 2.23872114e+03  4.66392641e-07 
 2.29086765e+03  4.62002443e-07 
 2.34422882e+03  4.57655935e-07 
 2.39883292e+03  4.53352704e-07 
 2.45470892e+03  4.49092341e-07 
 2.51188643e+03  4.44874442e-07 
 2.57039578e+03  4.40698605e-07 
 2.63026799e+03  4.36564435e-07 
 2.69153480e+03  4.32471537e-07 
 2.75422870e+03  4.28419524e-07 
 2.81838293e+03  4.24408010e-07 
 2.88403150e+03  4.20436614e-07 
 2.95120923e+03  4.16504957e-07 
 3.01995172e+03  4.12612667e-07 
 3.09029543e+03  4.08759373e-07 
 3.16227766e+03  4.04944709e-07 
 3.23593657e+03  4.01168311e-07 
 3.31131121e+03  3.97429821e-07 
 3.38844156e+03  3.93728882e-07 
 3.46736850e+03  3.90065143e-07 
 3.54813389e+03  3.86438254e-07 
 3.63078055e+03  3.82847871e-07 
 3.71535229e+03  3.79293652e-07 
 3.80189396e+03  3.75775257e-07 
 3.89045145e+03  3.72292353e-07 
 3.98107171e+03  3.68844606e-07 
 4.07380278e+03  3.65431689e-07 
 4.16869383e+03  3.62053275e-07 
 4.26579519e+03  3.58709044e-07 
 4.36515832e+03  3.55398676e-07 
 4.46683592e+03  3.52121854e-07 
 4.57088190e+03  3.48878268e-07 
 4.67735141e+03  3.45667606e-07 
 4.78630092e+03  3.42489563e-07 
 4.89778819e+03  3.39343834e-07 
 5.01187234e+03  3.36230120e-07 
 5.12861384e+03  3.33148123e-07 
 5.24807460e+03  3.30097548e-07 
 5.37031796e+03  3.27078104e-07 
 5.49540874e+03  3.24089501e-07 
 5.62341325e+03  3.21131453e-07 
 5.75439937e+03  3.18203678e-07 
 5.88843655e+03  3.15305895e-07 
 6.02559586e+03  3.12437827e-07 
 6.16595002e+03  3.09599198e-07 
 6.30957344e+03  3.06789736e-07 
 6.45654229e+03  3.04009172e-07 
 6.60693448e+03  3.01257238e-07 
 6.76082975e+03  2.98533671e-07 
 6.91830971e+03  2.95838209e-07 
 7.07945784e+03  2.93170592e-07 
 7.24435960e+03  2.90530564e-07 
 7.41310241e+03  2.87917871e-07 
 7.58577575e+03  2.85332261e-07 
 7.76247117e+03  2.82773485e-07 
 7.94328235e+03  2.80241296e-07 
 8.12830516e+03  2.77735451e-07 
 8.31763771e+03  2.75255706e-07 
 8.51138038e+03  2.72801822e-07 
 8.70963590e+03  2.70373562e-07 
 8.91250938e+03  2.67970691e-07 
 9.12010839e+03  2.65592976e-07 
 9.33254301e+03  2.63240187e-07 
 9.54992586e+03  2.60912095e-07 
 9.77237221e+03  2.58608474e-07 
 1.00000000e+04  2.56329100e-07 
 1.02329299e+04  2.54073751e-07 
 1.04712855e+04  2.51842209e-07 
 1.07151931e+04  2.49634254e-07 
 1.09647820e+04  2.47449671e-07 
 1.12201845e+04  2.45288248e-07 
 1.14815362e+04  2.43149772e-07 
 1.17489755e+04  2.41034034e-07 
 1.20226443e+04  2.38940827e-07 
 1.23026877e+04  2.36869944e-07 
 1.25892541e+04  2.34821182e-07 
 1.28824955e+04  2.32794340e-07 
 1.31825674e+04  2.30789218e-07 
 1.34896288e+04  2.28805617e-07 
 1.38038426e+04  2.26843341e-07 
 1.41253754e+04  2.24902195e-07 
 1.44543977e+04  2.22981988e-07 
 1.47910839e+04  2.21082528e-07 
 1.51356125e+04  2.19203626e-07 
 1.54881662e+04  2.17345095e-07 
 1.58489319e+04  2.15506748e-07 
 1.62181010e+04  2.13688402e-07 
 1.65958691e+04  2.11889873e-07 
 1.69824365e+04  2.10110982e-07 
 1.73780083e+04  2.08351548e-07 
 1.77827941e+04  2.06611394e-07 
 1.81970086e+04  2.04890344e-07 
 1.86208714e+04  2.03188223e-07 
 1.90546072e+04  2.01504858e-07 
 1.94984460e+04  1.99840076e-07 
 1.99526231e+04  1.98193708e-07 
 2.04173794e+04  1.96565585e-07 
 2.08929613e+04  1.94955539e-07 
 2.13796209e+04  1.93363403e-07 
 2.18776162e+04  1.91789014e-07 
 2.23872114e+04  1.90232207e-07 
 2.29086765e+04  1.88692821e-07 
 2.34422882e+04  1.87170694e-07 
 2.39883292e+04  1.85665667e-07 
 2.45470892e+04  1.84177581e-07 
 2.51188643e+04  1.82706280e-07 
 2.57039578e+04  1.81251606e-07 
 2.63026799e+04  1.79813405e-07 
 2.69153480e+04  1.78391523e-07 
 2.75422870e+04  1.76985807e-07 
 2.81838293e+04  1.75596107e-07 
 2.88403150e+04  1.74222270e-07 
 2.95120923e+04  1.72864148e-07 
 3.01995172e+04  1.71521591e-07 
 3.09029543e+04  1.70194453e-07 
 3.16227766e+04  1.68882587e-07 
 3.23593657e+04  1.67585846e-07 
 3.31131121e+04  1.66304086e-07 
 3.38844156e+04  1.65037163e-07 
 3.46736850e+04  1.63784934e-07 
 3.54813389e+04  1.62547256e-07 
 3.63078055e+04  1.61323988e-07 
 3.71535229e+04  1.60114989e-07 
 3.80189396e+04  1.58920118e-07 
 3.89045145e+04  1.57739237e-07 
 3.98107171e+04  1.56572206e-07 
 4.07380278e+04  1.55418887e-07 
 4.16869383e+04  1.54279143e-07 
 4.26579519e+04  1.53152837e-07 
 4.36515832e+04  1.52039833e-07 
 4.46683592e+04  1.50939994e-07 
 4.57088190e+04  1.49853185e-07 
 4.67735141e+04  1.48779271e-07 
 4.78630092e+04  1.47718117e-07 
 4.89778819e+04  1.46669590e-07 
 5.01187234e+04  1.45633556e-07 
 5.12861384e+04  1.44609880e-07 
 5.24807460e+04  1.43598430e-07 
 5.37031796e+04  1.42599073e-07 
 5.49540874e+04  1.41611675e-07 
 5.62341325e+04  1.40636105e-07 
 5.75439937e+04  1.39672230e-07 
 5.88843655e+04  1.38719916e-07 
 6.02559586e+04  1.37779033e-07 
 6.16595002e+04  1.36849447e-07 
 6.30957344e+04  1.35931026e-07 
 6.45654229e+04  1.35023638e-07 
 6.60693448e+04  1.34127151e-07 
 6.76082975e+04  1.33241430e-07 
 6.91830971e+04  1.32366344e-07 
 7.07945784e+04  1.31501760e-07 
 7.24435960e+04  1.30647543e-07 
 7.41310241e+04  1.29803561e-07 
 7.58577575e+04  1.28969678e-07 
 7.76247117e+04  1.28145761e-07 
 7.94328235e+04  1.27331674e-07 
 8.12830516e+04  1.26527282e-07 
 8.31763771e+04  1.25732448e-07 
 8.51138038e+04  1.24947036e-07 
 8.70963590e+04  1.24170909e-07 
 8.91250938e+04  1.23403927e-07 
 9.12010839e+04  1.22645952e-07 
 9.33254301e+04  1.21896845e-07 
 9.54992586e+04  1.21156464e-07 
 9.77237221e+04  1.20424667e-07 
 1.00000000e+05  1.19701313e-07 
 1.02329299e+05  1.18986257e-07 
 1.04712855e+05  1.18279355e-07 
 1.07151931e+05  1.17580460e-07 
 1.09647820e+05  1.16889425e-07 
 1.12201845e+05  1.16206103e-07 
 1.14815362e+05  1.15530342e-07 
 1.17489755e+05  1.14861991e-07 
 1.20226443e+05  1.14200899e-07 
 1.23026877e+05  1.13546911e-07 
 1.25892541e+05  1.12899870e-07 
 1.28824955e+05  1.12259621e-07 
 1.31825674e+05  1.11626004e-07 
 1.34896288e+05  1.10998858e-07 
 1.38038426e+05  1.10378021e-07 
 1.41253754e+05  1.09763330e-07 
 1.44543977e+05  1.09154618e-07 
 1.47910839e+05  1.08551717e-07 
 1.51356125e+05  1.07954459e-07 
 1.54881662e+05  1.07362672e-07 
 1.58489319e+05  1.06776182e-07 
 1.62181010e+05  1.06194816e-07 
 1.65958691e+05  1.05618395e-07 
 1.69824365e+05  1.05046741e-07 
 1.73780083e+05  1.04479674e-07 
 1.77827941e+05  1.03917012e-07 
 1.81970086e+05  1.03358569e-07 
 1.86208714e+05  1.02804161e-07 
 1.90546072e+05  1.02253599e-07 
 1.94984460e+05  1.01706696e-07 
 1.99526231e+05  1.01163259e-07 
 2.04173794e+05  1.00623099e-07 
 2.08929613e+05  1.00086021e-07 
 2.13796209e+05  9.95518311e-08 
 2.18776162e+05  9.90203351e-08 
 2.23872114e+05  9.84913370e-08 
 2.29086765e+05  9.79646405e-08 
 2.34422882e+05  9.74400493e-08 
 2.39883292e+05  9.69173670e-08 
 2.45470892e+05  9.63963974e-08 
 2.51188643e+05  9.58769449e-08 
 2.57039578e+05  9.53588148e-08 
 2.63026799e+05  9.48418140e-08 
 2.69153480e+05  9.43257507e-08 
 2.75422870e+05  9.38104353e-08 
 2.81838293e+05  9.32956808e-08 
 2.88403150e+05  9.27813034e-08 
 2.95120923e+05  9.22671226e-08 
 3.01995172e+05  9.17529620e-08 
 3.09029543e+05  9.12386500e-08 
 3.16227766e+05  9.07240201e-08 
 3.23593657e+05  9.02089116e-08 
 3.31131121e+05  8.96931705e-08 
 3.38844156e+05  8.91766499e-08 
 3.46736850e+05  8.86592104e-08 
 3.54813389e+05  8.81407216e-08 
 3.63078055e+05  8.76210621e-08 
 3.71535229e+05  8.71001204e-08 
 3.80189396e+05  8.65777958e-08 
 3.89045145e+05  8.60539989e-08 
 3.98107171e+05  8.55286525e-08 
 4.07380278e+05  8.50016921e-08 
 4.16869383e+05  8.44730668e-08 
 4.26579519e+05  8.39427398e-08 
 4.36515832e+05  8.34106892e-08 
 4.46683592e+05  8.28769082e-08 
 4.57088190e+05  8.23414063e-08 
 4.67735141e+05  8.18042092e-08 
 4.78630092e+05  8.12653596e-08 
 4.89778819e+05  8.07249173e-08 
 5.01187234e+05  8.01829599e-08 
 5.12861384e+05  7.96395826e-08 
 5.24807460e+05  7.90948986e-08 
 5.37031796e+05  7.85490390e-08 
 5.49540874e+05  7.80021529e-08 
 5.62341325e+05  7.74544073e-08 
 5.75439937e+05  7.69059865e-08 
 5.88843655e+05  7.63570922e-08 
 6.02559586e+05  7.58079428e-08 
 6.16595002e+05  7.52587728e-08 
 6.30957344e+05  7.47098323e-08 
 6.45654229e+05  7.41613861e-08 
 6.60693448e+05  7.36137128e-08 
 6.76082975e+05  7.30671040e-08 
 6.91830971e+05  7.25218632e-08 
 7.07945784e+05  7.19783044e-08 
 7.24435960e+05  7.14367513e-08 
 7.41310241e+05  7.08975356e-08 
 7.58577575e+05  7.03609962e-08 
 7.76247117e+05  6.98274770e-08 
 7.94328235e+05  6.92973265e-08 
 8.12830516e+05  6.87708955e-08 
 8.31763771e+05  6.82485361e-08 
 8.51138038e+05  6.77306001e-08 
 8.70963590e+05  6.72174376e-08 
 8.91250938e+05  6.67093956e-08 
 9.12010839e+05  6.62068167e-08 
 9.33254301e+05  6.57100374e-08 
 9.54992586e+05  6.52193875e-08 
 9.77237221e+05  6.47351883e-08 
 1.00000000e+06  6.42577518e-08 
 1.02329299e+06  6.37873792e-08 
 1.04712855e+06  6.33243609e-08 
 1.07151931e+06  6.28689745e-08 
 1.09647820e+06  6.24214850e-08 
 1.12201845e+06  6.19821435e-08 
 1.14815362e+06  6.15511869e-08 
 1.17489755e+06  6.11288377e-08 
 1.20226443e+06  6.07153033e-08 
 1.23026877e+06  6.03107757e-08 
 1.25892541e+06  5.99154320e-08 
 1.28824955e+06  5.95294337e-08 
 1.31825674e+06  5.91529271e-08 
 1.34896288e+06  5.87860434e-08 
 1.38038426e+06  5.84288989e-08 
 1.41253754e+06  5.80815955e-08 
 1.44543977e+06  5.77442206e-08 
 1.47910839e+06  5.74168484e-08 
 1.51356125e+06  5.70995393e-08 
 1.54881662e+06  5.67923416e-08 
 1.58489319e+06  5.64952911e-08 
 1.62181010e+06  5.62084123e-08 
 1.65958691e+06  5.59317189e-08 
 1.69824365e+06  5.56652142e-08 
 1.73780083e+06  5.54088921e-08 
 1.77827941e+06  5.51627375e-08 
 1.81970086e+06  5.49267269e-08 
 1.86208714e+06  5.47008291e-08 
 1.90546072e+06  5.44850056e-08 
 1.94984460e+06  5.42792112e-08 
 1.99526231e+06  5.40833943e-08 
 2.04173794e+06  5.38974973e-08 
 2.08929613e+06  5.37214570e-08 
 2.13796209e+06  5.35552045e-08 
 2.18776162e+06  5.33986656e-08 
 2.23872114e+06  5.32517604e-08 
 2.29086765e+06  5.31144031e-08 
 2.34422882e+06  5.29865020e-08 
 2.39883292e+06  5.28679585e-08 
 2.45470892e+06  5.27586667e-08 
 2.51188643e+06  5.26585121e-08 
 2.57039578e+06  5.25673706e-08 
 2.63026799e+06  5.24851069e-08 
 2.69153480e+06  5.24115725e-08 
 2.75422870e+06  5.23466039e-08 
 2.81838293e+06  5.22900196e-08 
 2.88403150e+06  5.22416173e-08 
 2.95120923e+06  5.22011702e-08 
 3.01995172e+06  5.21684230e-08 
 3.09029543e+06  5.21430872e-08 
 3.16227766e+06  5.21248358e-08 
 3.23593657e+06  5.21132969e-08 
 3.31131121e+06  5.21080469e-08 
 3.38844156e+06  5.21086026e-08 
 3.46736850e+06  5.21144124e-08 
 3.54813389e+06  5.21248465e-08 
 3.63078055e+06  5.21391855e-08 
 3.71535229e+06  5.21566086e-08 
 3.80189396e+06  5.21761806e-08 
 3.89045145e+06  5.21968363e-08 
 3.98107171e+06  5.22173663e-08 
 4.07380278e+06  5.22363993e-08 
 4.16869383e+06  5.22523851e-08 
 4.26579519e+06  5.22635772e-08 
 4.36515832e+06  5.22680141e-08 
 4.46683592e+06  5.22635028e-08 
 4.57088190e+06  5.22476024e-08 
 4.67735141e+06  5.22176110e-08 
 4.78630092e+06  5.21705560e-08 
 4.89778819e+06  5.21031897e-08 
 5.01187234e+06  5.20119921e-08 
 5.12861384e+06  5.18931828e-08 
 5.24807460e+06  5.17427447e-08 
 5.37031796e+06  5.15564606e-08 
 5.49540874e+06  5.13299670e-08 
 5.62341325e+06  5.10588242e-08 
 5.75439937e+06  5.07386057e-08 
 5.88843655e+06  5.03650071e-08 
 6.02559586e+06  4.99339715e-08 
 6.16595002e+06  4.94418302e-08 
 6.30957344e+06  4.88854528e-08 
 6.45654229e+06  4.82623998e-08 
 6.60693448e+06  4.75710696e-08 
 6.76082975e+06  4.68108292e-08 
 6.91830971e+06  4.59821187e-08 
 7.07945784e+06  4.50865195e-08 
 7.24435960e+06  4.41267783e-08 
 7.41310241e+06  4.31067825e-08 
 7.58577575e+06  4.20314839e-08 
 7.76247117e+06  4.09067763e-08 
 7.94328235e+06  3.97393315e-08 
 8.12830516e+06  3.85364056e-08 
 8.31763771e+06  3.73056274e-08 
 8.51138038e+06  3.60547824e-08 
 8.70963590e+06  3.47916050e-08 
 8.91250938e+06  3.35235903e-08 
 9.12010839e+06  3.22578330e-08 
 9.33254301e+06  3.10008988e-08 
 9.54992586e+06  2.97587305e-08 
 9.77237221e+06  2.85365881e-08 
 1.00000000e+07  2.73390201e-08 
 1.02329299e+07  2.61698625e-08 
 1.04712855e+07  2.50322588e-08 
 1.07151931e+07  2.39286980e-08 
 1.09647820e+07  2.28610642e-08 
 1.12201845e+07  2.18306940e-08 
 1.14815362e+07  2.08384370e-08 
 1.17489755e+07  1.98847181e-08 
 1.20226443e+07  1.89695969e-08 
 1.23026877e+07  1.80928253e-08 
 1.25892541e+07  1.72538995e-08 
 1.28824955e+07  1.64521077e-08 
 1.31825674e+07  1.56865726e-08 
 1.34896288e+07  1.49562887e-08 
 1.38038426e+07  1.42601539e-08 
 1.41253754e+07  1.35969979e-08 
 1.44543977e+07  1.29656045e-08 
 1.47910839e+07  1.23647319e-08 
 1.51356125e+07  1.17931280e-08 
 1.54881662e+07  1.12495438e-08 
 1.58489319e+07  1.07327440e-08 
 1.62181010e+07  1.02415148e-08 
 1.65958691e+07  9.77467089e-09 
 1.69824365e+07  9.33105975e-09 
 1.73780083e+07  8.90956562e-09 
 1.77827941e+07  8.50911175e-09 
 1.81970086e+07  8.12866205e-09 
 1.86208714e+07  7.76722188e-09 
 1.90546072e+07  7.42383841e-09 
 1.94984460e+07  7.09760038e-09 
 1.99526231e+07  6.78763756e-09 
 2.04173794e+07  6.49311997e-09 
 2.08929613e+07  6.21325679e-09 
 2.13796209e+07  5.94729522e-09 
 2.18776162e+07  5.69451917e-09 
 2.23872114e+07  5.45424790e-09 
 2.29086765e+07  5.22583460e-09 
 2.34422882e+07  5.00866497e-09 
 2.39883292e+07  4.80215584e-09 
 2.45470892e+07  4.60575370e-09 
 2.51188643e+07  4.41893336e-09 
 2.57039578e+07  4.24119663e-09 
 2.63026799e+07  4.07207097e-09 
 2.69153480e+07  3.91110825e-09 
 2.75422870e+07  3.75788358e-09 
 2.81838293e+07  3.61199412e-09 
 2.88403150e+07  3.47305797e-09 
 2.95120923e+07  3.34071313e-09 
 3.01995172e+07  3.21461651e-09 
 3.09029543e+07  3.09444293e-09 
 3.16227766e+07  2.97988425e-09 
 3.23593657e+07  2.87064847e-09 
 3.31131121e+07  2.76645895e-09 
 3.38844156e+07  2.66705360e-09 
 3.46736850e+07  2.57218413e-09 
 3.54813389e+07  2.48161537e-09 
 3.63078055e+07  2.39512460e-09 
 3.71535229e+07  2.31250089e-09 
 3.80189396e+07  2.23354454e-09 
 3.89045145e+07  2.15806646e-09 
 3.98107171e+07  2.08588767e-09 
 4.07380278e+07  2.01683876e-09 
 4.16869383e+07  1.95075937e-09 
 4.26579519e+07  1.88749781e-09 
 4.36515832e+07  1.82691051e-09 
 4.46683592e+07  1.76886167e-09 
 4.57088190e+07  1.71322285e-09 
 4.67735141e+07  1.65987253e-09 
 4.78630092e+07  1.60869584e-09 
 4.89778819e+07  1.55958412e-09 
 5.01187234e+07  1.51243465e-09 
 5.12861384e+07  1.46715034e-09 
 5.24807460e+07  1.42363936e-09 
 5.37031796e+07  1.38181495e-09 
 5.49540874e+07  1.34159510e-09 
 5.62341325e+07  1.30290227e-09 
 5.75439937e+07  1.26566320e-09 
 5.88843655e+07  1.22980865e-09 
 6.02559586e+07  1.19527318e-09 
 6.16595002e+07  1.16199493e-09 
 6.30957344e+07  1.12991544e-09 
 6.45654229e+07  1.09897945e-09 
 6.60693448e+07  1.06913474e-09 
 6.76082975e+07  1.04033191e-09 
 6.91830971e+07  1.01252429e-09 
 7.07945784e+07  9.85667721e-10 
 7.24435960e+07  9.59720448e-10 
 7.41310241e+07  9.34642975e-10 
 7.58577575e+07  9.10397930e-10 
 7.76247117e+07  8.86949949e-10 
 7.94328235e+07  8.64265555e-10 
 8.12830516e+07  8.42313052e-10 
 8.31763771e+07  8.21062419e-10 
 8.51138038e+07  8.00485214e-10 
 8.70963590e+07  7.80554483e-10 
 8.91250938e+07  7.61244669e-10 
 9.12010839e+07  7.42531534e-10 
 9.33254301e+07  7.24392083e-10 
 9.54992586e+07  7.06804485e-10 
 9.77237221e+07  6.89748013e-10 
 1.00000000e+08  6.73202973e-10 
