 frequency       onoise_spectrum
 1.00000000e-01  3.21410840e-05 
 1.02329299e-01  3.18293213e-05 
 1.04712855e-01  3.15205846e-05 
 1.07151931e-01  3.12148444e-05 
 1.09647820e-01  3.09120716e-05 
 1.12201845e-01  3.06122375e-05 
 1.14815362e-01  3.03153135e-05 
 1.17489755e-01  3.00212714e-05 
 1.20226443e-01  2.97300830e-05 
 1.23026877e-01  2.94417208e-05 
 1.25892541e-01  2.91561573e-05 
 1.28824955e-01  2.88733653e-05 
 1.31825674e-01  2.85933179e-05 
 1.34896288e-01  2.83159884e-05 
 1.38038426e-01  2.80413504e-05 
 1.41253754e-01  2.77693779e-05 
 1.44543977e-01  2.75000448e-05 
 1.47910839e-01  2.72333257e-05 
 1.51356125e-01  2.69691950e-05 
 1.54881662e-01  2.67076277e-05 
 1.58489319e-01  2.64485989e-05 
 1.62181010e-01  2.61920839e-05 
 1.65958691e-01  2.59380583e-05 
 1.69824365e-01  2.56864980e-05 
 1.73780083e-01  2.54373789e-05 
 1.77827941e-01  2.51906774e-05 
 1.81970086e-01  2.49463700e-05 
 1.86208714e-01  2.47044335e-05 
 1.90546072e-01  2.44648449e-05 
 1.94984460e-01  2.42275813e-05 
 1.99526231e-01  2.39926201e-05 
 2.04173794e-01  2.37599391e-05 
 2.08929613e-01  2.35295160e-05 
 2.13796209e-01  2.33013290e-05 
 2.18776162e-01  2.30753563e-05 
 2.23872114e-01  2.28515764e-05 
 2.29086765e-01  2.26299681e-05 
 2.34422882e-01  2.24105102e-05 
 2.39883292e-01  2.21931819e-05 
 2.45470892e-01  2.19779625e-05 
 2.51188643e-01  2.17648315e-05 
 2.57039578e-01  2.15537687e-05 
 2.63026799e-01  2.13447539e-05 
 2.69153480e-01  2.11377673e-05 
 2.75422870e-01  2.09327892e-05 
 2.81838293e-01  2.07298000e-05 
 2.88403150e-01  2.05287806e-05 
 2.95120923e-01  2.03297116e-05 
 3.01995172e-01  2.01325743e-05 
 3.09029543e-01  1.99373499e-05 
 3.16227766e-01  1.97440197e-05 
 3.23593657e-01  1.95525654e-05 
 3.31131121e-01  1.93629688e-05 
 3.38844156e-01  1.91752118e-05 
 3.46736850e-01  1.89892766e-05 
 3.54813389e-01  1.88051456e-05 
 3.63078055e-01  1.86228011e-05 
 3.71535229e-01  1.84422258e-05 
 3.80189396e-01  1.82634026e-05 
 3.89045145e-01  1.80863144e-05 
 3.98107171e-01  1.79109445e-05 
 4.07380278e-01  1.77372760e-05 
 4.16869383e-01  1.75652926e-05 
 4.26579519e-01  1.73949778e-05 
 4.36515832e-01  1.72263155e-05 
 4.46683592e-01  1.70592896e-05 
 4.57088190e-01  1.68938842e-05 
 4.67735141e-01  1.67300836e-05 
 4.78630092e-01  1.65678722e-05 
 4.89778819e-01  1.64072346e-05 
 5.01187234e-01  1.62481554e-05 
 5.12861384e-01  1.60906197e-05 
 5.24807460e-01  1.59346124e-05 
 5.37031796e-01  1.57801186e-05 
 5.49540874e-01  1.56271237e-05 
 5.62341325e-01  1.54756130e-05 
 5.75439937e-01  1.53255723e-05 
 5.88843655e-01  1.51769873e-05 
 6.02559586e-01  1.50298437e-05 
 6.16595002e-01  1.48841277e-05 
 6.30957344e-01  1.47398253e-05 
 6.45654229e-01  1.45969229e-05 
 6.60693448e-01  1.44554068e-05 
 6.76082975e-01  1.43152636e-05 
 6.91830971e-01  1.41764799e-05 
 7.07945784e-01  1.40390426e-05 
 7.24435960e-01  1.39029387e-05 
 7.41310241e-01  1.37681551e-05 
 7.58577575e-01  1.36346790e-05 
 7.76247117e-01  1.35024978e-05 
 7.94328235e-01  1.33715988e-05 
 8.12830516e-01  1.32419697e-05 
 8.31763771e-01  1.31135981e-05 
 8.51138038e-01  1.29864718e-05 
 8.70963590e-01  1.28605788e-05 
 8.91250938e-01  1.27359069e-05 
 9.12010839e-01  1.26124445e-05 
 9.33254301e-01  1.24901798e-05 
 9.54992586e-01  1.23691010e-05 
 9.77237221e-01  1.22491968e-05 
 1.00000000e+00  1.21304557e-05 
 1.02329299e+00  1.20128665e-05 
 1.04712855e+00  1.18964179e-05 
 1.07151931e+00  1.17810989e-05 
 1.09647820e+00  1.16668985e-05 
 1.12201845e+00  1.15538059e-05 
 1.14815362e+00  1.14418103e-05 
 1.17489755e+00  1.13309011e-05 
 1.20226443e+00  1.12210677e-05 
 1.23026877e+00  1.11122997e-05 
 1.25892541e+00  1.10045867e-05 
 1.28824955e+00  1.08979186e-05 
 1.31825674e+00  1.07922851e-05 
 1.34896288e+00  1.06876762e-05 
 1.38038426e+00  1.05840820e-05 
 1.41253754e+00  1.04814927e-05 
 1.44543977e+00  1.03798984e-05 
 1.47910839e+00  1.02792896e-05 
 1.51356125e+00  1.01796567e-05 
 1.54881662e+00  1.00809901e-05 
 1.58489319e+00  9.98328055e-06 
 1.62181010e+00  9.88651874e-06 
 1.65958691e+00  9.79069546e-06 
 1.69824365e+00  9.69580161e-06 
 1.73780083e+00  9.60182816e-06 
 1.77827941e+00  9.50876620e-06 
 1.81970086e+00  9.41660687e-06 
 1.86208714e+00  9.32534141e-06 
 1.90546072e+00  9.23496116e-06 
 1.94984460e+00  9.14545751e-06 
 1.99526231e+00  9.05682198e-06 
 2.04173794e+00  8.96904612e-06 
 2.08929613e+00  8.88212160e-06 
 2.13796209e+00  8.79604017e-06 
 2.18776162e+00  8.71079363e-06 
 2.23872114e+00  8.62637389e-06 
 2.29086765e+00  8.54277293e-06 
 2.34422882e+00  8.45998280e-06 
 2.39883292e+00  8.37799564e-06 
 2.45470892e+00  8.29680365e-06 
 2.51188643e+00  8.21639911e-06 
 2.57039578e+00  8.13677440e-06 
 2.63026799e+00  8.05792194e-06 
 2.69153480e+00  7.97983424e-06 
 2.75422870e+00  7.90250388e-06 
 2.81838293e+00  7.82592352e-06 
 2.88403150e+00  7.75008587e-06 
 2.95120923e+00  7.67498373e-06 
 3.01995172e+00  7.60060997e-06 
 3.09029543e+00  7.52695751e-06 
 3.16227766e+00  7.45401937e-06 
 3.23593657e+00  7.38178860e-06 
 3.31131121e+00  7.31025836e-06 
 3.38844156e+00  7.23942183e-06 
 3.46736850e+00  7.16927230e-06 
 3.54813389e+00  7.09980310e-06 
 3.63078055e+00  7.03100762e-06 
 3.71535229e+00  6.96287934e-06 
 3.80189396e+00  6.89541177e-06 
 3.89045145e+00  6.82859852e-06 
 3.98107171e+00  6.76243323e-06 
 4.07380278e+00  6.69690961e-06 
 4.16869383e+00  6.63202145e-06 
 4.26579519e+00  6.56776257e-06 
 4.36515832e+00  6.50412688e-06 
 4.46683592e+00  6.44110833e-06 
 4.57088190e+00  6.37870093e-06 
 4.67735141e+00  6.31689876e-06 
 4.78630092e+00  6.25569594e-06 
 4.89778819e+00  6.19508666e-06 
 5.01187234e+00  6.13506516e-06 
 5.12861384e+00  6.07562574e-06 
 5.24807460e+00  6.01676276e-06 
 5.37031796e+00  5.95847063e-06 
 5.49540874e+00  5.90074380e-06 
 5.62341325e+00  5.84357679e-06 
 5.75439937e+00  5.78696419e-06 
 5.88843655e+00  5.73090059e-06 
 6.02559586e+00  5.67538069e-06 
 6.16595002e+00  5.62039922e-06 
 6.30957344e+00  5.56595093e-06 
 6.45654229e+00  5.51203068e-06 
 6.60693448e+00  5.45863333e-06 
 6.76082975e+00  5.40575381e-06 
 6.91830971e+00  5.35338710e-06 
 7.07945784e+00  5.30152824e-06 
 7.24435960e+00  5.25017228e-06 
 7.41310241e+00  5.19931437e-06 
 7.58577575e+00  5.14894965e-06 
 7.76247117e+00  5.09907336e-06 
 7.94328235e+00  5.04968076e-06 
 8.12830516e+00  5.00076716e-06 
 8.31763771e+00  4.95232790e-06 
 8.51138038e+00  4.90435839e-06 
 8.70963590e+00  4.85685409e-06 
 8.91250938e+00  4.80981046e-06 
 9.12010839e+00  4.76322305e-06 
 9.33254301e+00  4.71708744e-06 
 9.54992586e+00  4.67139924e-06 
 9.77237221e+00  4.62615411e-06 
 1.00000000e+01  4.58134776e-06 
 1.02329299e+01  4.53697594e-06 
 1.04712855e+01  4.49303442e-06 
 1.07151931e+01  4.44951904e-06 
 1.09647820e+01  4.40642567e-06 
 1.12201845e+01  4.36375021e-06 
 1.14815362e+01  4.32148862e-06 
 1.17489755e+01  4.27963687e-06 
 1.20226443e+01  4.23819100e-06 
 1.23026877e+01  4.19714707e-06 
 1.25892541e+01  4.15650119e-06 
 1.28824955e+01  4.11624949e-06 
 1.31825674e+01  4.07638815e-06 
 1.34896288e+01  4.03691340e-06 
 1.38038426e+01  3.99782147e-06 
 1.41253754e+01  3.95910867e-06 
 1.44543977e+01  3.92077130e-06 
 1.47910839e+01  3.88280575e-06 
 1.51356125e+01  3.84520839e-06 
 1.54881662e+01  3.80797567e-06 
 1.58489319e+01  3.77110404e-06 
 1.62181010e+01  3.73459001e-06 
 1.65958691e+01  3.69843011e-06 
 1.69824365e+01  3.66262091e-06 
 1.73780083e+01  3.62715901e-06 
 1.77827941e+01  3.59204104e-06 
 1.81970086e+01  3.55726366e-06 
 1.86208714e+01  3.52282359e-06 
 1.90546072e+01  3.48871754e-06 
 1.94984460e+01  3.45494228e-06 
 1.99526231e+01  3.42149461e-06 
 2.04173794e+01  3.38837134e-06 
 2.08929613e+01  3.35556935e-06 
 2.13796209e+01  3.32308550e-06 
 2.18776162e+01  3.29091672e-06 
 2.23872114e+01  3.25905996e-06 
 2.29086765e+01  3.22751219e-06 
 2.34422882e+01  3.19627042e-06 
 2.39883292e+01  3.16533168e-06 
 2.45470892e+01  3.13469303e-06 
 2.51188643e+01  3.10435157e-06 
 2.57039578e+01  3.07430442e-06 
 2.63026799e+01  3.04454873e-06 
 2.69153480e+01  3.01508167e-06 
 2.75422870e+01  2.98590044e-06 
 2.81838293e+01  2.95700228e-06 
 2.88403150e+01  2.92838444e-06 
 2.95120923e+01  2.90004421e-06 
 3.01995172e+01  2.87197890e-06 
 3.09029543e+01  2.84418585e-06 
 3.16227766e+01  2.81666241e-06 
 3.23593657e+01  2.78940597e-06 
 3.31131121e+01  2.76241395e-06 
 3.38844156e+01  2.73568379e-06 
 3.46736850e+01  2.70921295e-06 
 3.54813389e+01  2.68299892e-06 
 3.63078055e+01  2.65703921e-06 
 3.71535229e+01  2.63133136e-06 
 3.80189396e+01  2.60587292e-06 
 3.89045145e+01  2.58066149e-06 
 3.98107171e+01  2.55569467e-06 
 4.07380278e+01  2.53097008e-06 
 4.16869383e+01  2.50648540e-06 
 4.26579519e+01  2.48223828e-06 
 4.36515832e+01  2.45822643e-06 
 4.46683592e+01  2.43444758e-06 
 4.57088190e+01  2.41089946e-06 
 4.67735141e+01  2.38757985e-06 
 4.78630092e+01  2.36448652e-06 
 4.89778819e+01  2.34161729e-06 
 5.01187234e+01  2.31896999e-06 
 5.12861384e+01  2.29654247e-06 
 5.24807460e+01  2.27433260e-06 
 5.37031796e+01  2.25233827e-06 
 5.49540874e+01  2.23055741e-06 
 5.62341325e+01  2.20898793e-06 
 5.75439937e+01  2.18762780e-06 
 5.88843655e+01  2.16647499e-06 
 6.02559586e+01  2.14552749e-06 
 6.16595002e+01  2.12478331e-06 
 6.30957344e+01  2.10424049e-06 
 6.45654229e+01  2.08389708e-06 
 6.60693448e+01  2.06375114e-06 
 6.76082975e+01  2.04380078e-06 
 6.91830971e+01  2.02404408e-06 
 7.07945784e+01  2.00447919e-06 
 7.24435960e+01  1.98510423e-06 
 7.41310241e+01  1.96591739e-06 
 7.58577575e+01  1.94691683e-06 
 7.76247117e+01  1.92810075e-06 
 7.94328235e+01  1.90946737e-06 
 8.12830516e+01  1.89101493e-06 
 8.31763771e+01  1.87274166e-06 
 8.51138038e+01  1.85464584e-06 
 8.70963590e+01  1.83672575e-06 
 8.91250938e+01  1.81897969e-06 
 9.12010839e+01  1.80140598e-06 
 9.33254301e+01  1.78400295e-06 
 9.54992586e+01  1.76676895e-06 
 9.77237221e+01  1.74970234e-06 
 1.00000000e+02  1.73280151e-06 
 1.02329299e+02  1.71606486e-06 
 1.04712855e+02  1.69949079e-06 
 1.07151931e+02  1.68307773e-06 
 1.09647820e+02  1.66682414e-06 
 1.12201845e+02  1.65072845e-06 
 1.14815362e+02  1.63478916e-06 
 1.17489755e+02  1.61900475e-06 
 1.20226443e+02  1.60337371e-06 
 1.23026877e+02  1.58789458e-06 
 1.25892541e+02  1.57256587e-06 
 1.28824955e+02  1.55738614e-06 
 1.31825674e+02  1.54235395e-06 
 1.34896288e+02  1.52746787e-06 
 1.38038426e+02  1.51272648e-06 
 1.41253754e+02  1.49812840e-06 
 1.44543977e+02  1.48367224e-06 
 1.47910839e+02  1.46935662e-06 
 1.51356125e+02  1.45518019e-06 
 1.54881662e+02  1.44114160e-06 
 1.58489319e+02  1.42723953e-06 
 1.62181010e+02  1.41347265e-06 
 1.65958691e+02  1.39983966e-06 
 1.69824365e+02  1.38633927e-06 
 1.73780083e+02  1.37297019e-06 
 1.77827941e+02  1.35973116e-06 
 1.81970086e+02  1.34662092e-06 
 1.86208714e+02  1.33363823e-06 
 1.90546072e+02  1.32078186e-06 
 1.94984460e+02  1.30805059e-06 
 1.99526231e+02  1.29544322e-06 
 2.04173794e+02  1.28295854e-06 
 2.08929613e+02  1.27059537e-06 
 2.13796209e+02  1.25835254e-06 
 2.18776162e+02  1.24622889e-06 
 2.23872114e+02  1.23422328e-06 
 2.29086765e+02  1.22233455e-06 
 2.34422882e+02  1.21056159e-06 
 2.39883292e+02  1.19890328e-06 
 2.45470892e+02  1.18735851e-06 
 2.51188643e+02  1.17592619e-06 
 2.57039578e+02  1.16460523e-06 
 2.63026799e+02  1.15339457e-06 
 2.69153480e+02  1.14229313e-06 
 2.75422870e+02  1.13129987e-06 
 2.81838293e+02  1.12041374e-06 
 2.88403150e+02  1.10963371e-06 
 2.95120923e+02  1.09895876e-06 
 3.01995172e+02  1.08838788e-06 
 3.09029543e+02  1.07792007e-06 
 3.16227766e+02  1.06755432e-06 
 3.23593657e+02  1.05728967e-06 
 3.31131121e+02  1.04712513e-06 
 3.38844156e+02  1.03705974e-06 
 3.46736850e+02  1.02709256e-06 
 3.54813389e+02  1.01722262e-06 
 3.63078055e+02  1.00744900e-06 
 3.71535229e+02  9.97770780e-07 
 3.80189396e+02  9.88187028e-07 
 3.89045145e+02  9.78696841e-07 
 3.98107171e+02  9.69299319e-07 
 4.07380278e+02  9.59993572e-07 
 4.16869383e+02  9.50778716e-07 
 4.26579519e+02  9.41653880e-07 
 4.36515832e+02  9.32618196e-07 
 4.46683592e+02  9.23670809e-07 
 4.57088190e+02  9.14810871e-07 
 4.67735141e+02  9.06037541e-07 
 4.78630092e+02  8.97349987e-07 
 4.89778819e+02  8.88747387e-07 
 5.01187234e+02  8.80228925e-07 
 5.12861384e+02  8.71793792e-07 
 5.24807460e+02  8.63441190e-07 
 5.37031796e+02  8.55170326e-07 
 5.49540874e+02  8.46980417e-07 
 5.62341325e+02  8.38870685e-07 
 5.75439937e+02  8.30840362e-07 
 5.88843655e+02  8.22888687e-07 
 6.02559586e+02  8.15014906e-07 
 6.16595002e+02  8.07218272e-07 
 6.30957344e+02  7.99498046e-07 
 6.45654229e+02  7.91853496e-07 
 6.60693448e+02  7.84283898e-07 
 6.76082975e+02  7.76788533e-07 
 6.91830971e+02  7.69366692e-07 
 7.07945784e+02  7.62017669e-07 
 7.24435960e+02  7.54740770e-07 
 7.41310241e+02  7.47535303e-07 
 7.58577575e+02  7.40400585e-07 
 7.76247117e+02  7.33335940e-07 
 7.94328235e+02  7.26340699e-07 
 8.12830516e+02  7.19414197e-07 
 8.31763771e+02  7.12555779e-07 
 8.51138038e+02  7.05764793e-07 
 8.70963590e+02  6.99040596e-07 
 8.91250938e+02  6.92382550e-07 
 9.12010839e+02  6.85790024e-07 
 9.33254301e+02  6.79262392e-07 
 9.54992586e+02  6.72799036e-07 
 9.77237221e+02  6.66399343e-07 
 1.00000000e+03  6.60062705e-07 
 1.02329299e+03  6.53788523e-07 
 1.04712855e+03  6.47576200e-07 
 1.07151931e+03  6.41425147e-07 
 1.09647820e+03  6.35334781e-07 
 1.12201845e+03  6.29304525e-07 
 1.14815362e+03  6.23333807e-07 
 1.17489755e+03  6.17422059e-07 
 1.20226443e+03  6.11568722e-07 
 1.23026877e+03  6.05773239e-07 
 1.25892541e+03  6.00035062e-07 
 1.28824955e+03  5.94353646e-07 
 1.31825674e+03  5.88728451e-07 
 1.34896288e+03  5.83158944e-07 
 1.38038426e+03  5.77644597e-07 
 1.41253754e+03  5.72184886e-07 
 1.44543977e+03  5.66779294e-07 
 1.47910839e+03  5.61427306e-07 
 1.51356125e+03  5.56128416e-07 
 1.54881662e+03  5.50882120e-07 
 1.58489319e+03  5.45687921e-07 
 1.62181010e+03  5.40545325e-07 
 1.65958691e+03  5.35453843e-07 
 1.69824365e+03  5.30412994e-07 
 1.73780083e+03  5.25422297e-07 
 1.77827941e+03  5.20481280e-07 
 1.81970086e+03  5.15589473e-07 
 1.86208714e+03  5.10746411e-07 
 1.90546072e+03  5.05951635e-07 
 1.94984460e+03  5.01204688e-07 
 1.99526231e+03  4.96505120e-07 
 2.04173794e+03  4.91852485e-07 
 2.08929613e+03  4.87246341e-07 
 2.13796209e+03  4.82686249e-07 
 2.18776162e+03  4.78171776e-07 
 2.23872114e+03  4.73702493e-07 
 2.29086765e+03  4.69277976e-07 
 2.34422882e+03  4.64897804e-07 
 2.39883292e+03  4.60561559e-07 
 2.45470892e+03  4.56268831e-07 
 2.51188643e+03  4.52019209e-07 
 2.57039578e+03  4.47812291e-07 
 2.63026799e+03  4.43647676e-07 
 2.69153480e+03  4.39524968e-07 
 2.75422870e+03  4.35443773e-07 
 2.81838293e+03  4.31403704e-07 
 2.88403150e+03  4.27404376e-07 
 2.95120923e+03  4.23445408e-07 
 3.01995172e+03  4.19526424e-07 
 3.09029543e+03  4.15647048e-07 
 3.16227766e+03  4.11806913e-07 
 3.23593657e+03  4.08005652e-07 
 3.31131121e+03  4.04242902e-07 
 3.38844156e+03  4.00518305e-07 
 3.46736850e+03  3.96831505e-07 
 3.54813389e+03  3.93182151e-07 
 3.63078055e+03  3.89569894e-07 
 3.71535229e+03  3.85994389e-07 
 3.80189396e+03  3.82455296e-07 
 3.89045145e+03  3.78952275e-07 
 3.98107171e+03  3.75484993e-07 
 4.07380278e+03  3.72053118e-07 
 4.16869383e+03  3.68656321e-07 
 4.26579519e+03  3.65294278e-07 
 4.36515832e+03  3.61966667e-07 
 4.46683592e+03  3.58673170e-07 
 4.57088190e+03  3.55413470e-07 
 4.67735141e+03  3.52187257e-07 
 4.78630092e+03  3.48994220e-07 
 4.89778819e+03  3.45834053e-07 
 5.01187234e+03  3.42706454e-07 
 5.12861384e+03  3.39611121e-07 
 5.24807460e+03  3.36547759e-07 
 5.37031796e+03  3.33516072e-07 
 5.49540874e+03  3.30515768e-07 
 5.62341325e+03  3.27546561e-07 
 5.75439937e+03  3.24608163e-07 
 5.88843655e+03  3.21700292e-07 
 6.02559586e+03  3.18822668e-07 
 6.16595002e+03  3.15975012e-07 
 6.30957344e+03  3.13157051e-07 
 6.45654229e+03  3.10368513e-07 
 6.60693448e+03  3.07609127e-07 
 6.76082975e+03  3.04878627e-07 
 6.91830971e+03  3.02176750e-07 
 7.07945784e+03  2.99503232e-07 
 7.24435960e+03  2.96857816e-07 
 7.41310241e+03  2.94240244e-07 
 7.58577575e+03  2.91650263e-07 
 7.76247117e+03  2.89087621e-07 
 7.94328235e+03  2.86552067e-07 
 8.12830516e+03  2.84043357e-07 
 8.31763771e+03  2.81561245e-07 
 8.51138038e+03  2.79105488e-07 
 8.70963590e+03  2.76675848e-07 
 8.91250938e+03  2.74272087e-07 
 9.12010839e+03  2.71893968e-07 
 9.33254301e+03  2.69541260e-07 
 9.54992586e+03  2.67213731e-07 
 9.77237221e+03  2.64911153e-07 
 1.00000000e+04  2.62633299e-07 
 1.02329299e+04  2.60379945e-07 
 1.04712855e+04  2.58150868e-07 
 1.07151931e+04  2.55945848e-07 
 1.09647820e+04  2.53764668e-07 
 1.12201845e+04  2.51607110e-07 
 1.14815362e+04  2.49472961e-07 
 1.17489755e+04  2.47362008e-07 
 1.20226443e+04  2.45274042e-07 
 1.23026877e+04  2.43208853e-07 
 1.25892541e+04  2.41166236e-07 
 1.28824955e+04  2.39145985e-07 
 1.31825674e+04  2.37147899e-07 
 1.34896288e+04  2.35171776e-07 
 1.38038426e+04  2.33217418e-07 
 1.41253754e+04  2.31284625e-07 
 1.44543977e+04  2.29373205e-07 
 1.47910839e+04  2.27482961e-07 
 1.51356125e+04  2.25613702e-07 
 1.54881662e+04  2.23765238e-07 
 1.58489319e+04  2.21937380e-07 
 1.62181010e+04  2.20129940e-07 
 1.65958691e+04  2.18342733e-07 
 1.69824365e+04  2.16575574e-07 
 1.73780083e+04  2.14828282e-07 
 1.77827941e+04  2.13100674e-07 
 1.81970086e+04  2.11392572e-07 
 1.86208714e+04  2.09703798e-07 
 1.90546072e+04  2.08034174e-07 
 1.94984460e+04  2.06383527e-07 
 1.99526231e+04  2.04751680e-07 
 2.04173794e+04  2.03138464e-07 
 2.08929613e+04  2.01543706e-07 
 2.13796209e+04  1.99967236e-07 
 2.18776162e+04  1.98408887e-07 
 2.23872114e+04  1.96868491e-07 
 2.29086765e+04  1.95345882e-07 
 2.34422882e+04  1.93840895e-07 
 2.39883292e+04  1.92353367e-07 
 2.45470892e+04  1.90883136e-07 
 2.51188643e+04  1.89430041e-07 
 2.57039578e+04  1.87993921e-07 
 2.63026799e+04  1.86574618e-07 
 2.69153480e+04  1.85171973e-07 
 2.75422870e+04  1.83785831e-07 
 2.81838293e+04  1.82416034e-07 
 2.88403150e+04  1.81062430e-07 
 2.95120923e+04  1.79724863e-07 
 3.01995172e+04  1.78403181e-07 
 3.09029543e+04  1.77097232e-07 
 3.16227766e+04  1.75806865e-07 
 3.23593657e+04  1.74531930e-07 
 3.31131121e+04  1.73272277e-07 
 3.38844156e+04  1.72027760e-07 
 3.46736850e+04  1.70798228e-07 
 3.54813389e+04  1.69583537e-07 
 3.63078055e+04  1.68383539e-07 
 3.71535229e+04  1.67198090e-07 
 3.80189396e+04  1.66027044e-07 
 3.89045145e+04  1.64870258e-07 
 3.98107171e+04  1.63727589e-07 
 4.07380278e+04  1.62598892e-07 
 4.16869383e+04  1.61484027e-07 
 4.26579519e+04  1.60382852e-07 
 4.36515832e+04  1.59295225e-07 
 4.46683592e+04  1.58221006e-07 
 4.57088190e+04  1.57160054e-07 
 4.67735141e+04  1.56112231e-07 
 4.78630092e+04  1.55077396e-07 
 4.89778819e+04  1.54055411e-07 
 5.01187234e+04  1.53046137e-07 
 5.12861384e+04  1.52049435e-07 
 5.24807460e+04  1.51065169e-07 
 5.37031796e+04  1.50093199e-07 
 5.49540874e+04  1.49133388e-07 
 5.62341325e+04  1.48185600e-07 
 5.75439937e+04  1.47249695e-07 
 5.88843655e+04  1.46325539e-07 
 6.02559586e+04  1.45412993e-07 
 6.16595002e+04  1.44511920e-07 
 6.30957344e+04  1.43622183e-07 
 6.45654229e+04  1.42743646e-07 
 6.60693448e+04  1.41876170e-07 
 6.76082975e+04  1.41019619e-07 
 6.91830971e+04  1.40173855e-07 
 7.07945784e+04  1.39338740e-07 
 7.24435960e+04  1.38514137e-07 
 7.41310241e+04  1.37699907e-07 
 7.58577575e+04  1.36895911e-07 
 7.76247117e+04  1.36102011e-07 
 7.94328235e+04  1.35318067e-07 
 8.12830516e+04  1.34543939e-07 
 8.31763771e+04  1.33779487e-07 
 8.51138038e+04  1.33024569e-07 
 8.70963590e+04  1.32279045e-07 
 8.91250938e+04  1.31542772e-07 
 9.12010839e+04  1.30815606e-07 
 9.33254301e+04  1.30097404e-07 
 9.54992586e+04  1.29388022e-07 
 9.77237221e+04  1.28687313e-07 
 1.00000000e+05  1.27995131e-07 
 1.02329299e+05  1.27311328e-07 
 1.04712855e+05  1.26635757e-07 
 1.07151931e+05  1.25968266e-07 
 1.09647820e+05  1.25308706e-07 
 1.12201845e+05  1.24656923e-07 
 1.14815362e+05  1.24012765e-07 
 1.17489755e+05  1.23376077e-07 
 1.20226443e+05  1.22746702e-07 
 1.23026877e+05  1.22124482e-07 
 1.25892541e+05  1.21509258e-07 
 1.28824955e+05  1.20900870e-07 
 1.31825674e+05  1.20299154e-07 
 1.34896288e+05  1.19703946e-07 
 1.38038426e+05  1.19115080e-07 
 1.41253754e+05  1.18532388e-07 
 1.44543977e+05  1.17955700e-07 
 1.47910839e+05  1.17384845e-07 
 1.51356125e+05  1.16819648e-07 
 1.54881662e+05  1.16259933e-07 
 1.58489319e+05  1.15705524e-07 
 1.62181010e+05  1.15156239e-07 
 1.65958691e+05  1.14611896e-07 
 1.69824365e+05  1.14072312e-07 
 1.73780083e+05  1.13537299e-07 
 1.77827941e+05  1.13006670e-07 
 1.81970086e+05  1.12480232e-07 
 1.86208714e+05  1.11957794e-07 
 1.90546072e+05  1.11439159e-07 
 1.94984460e+05  1.10924130e-07 
 1.99526231e+05  1.10412509e-07 
 2.04173794e+05  1.09904092e-07 
 2.08929613e+05  1.09398677e-07 
 2.13796209e+05  1.08896059e-07 
 2.18776162e+05  1.08396029e-07 
 2.23872114e+05  1.07898379e-07 
 2.29086765e+05  1.07402899e-07 
 2.34422882e+05  1.06909376e-07 
 2.39883292e+05  1.06417597e-07 
 2.45470892e+05  1.05927349e-07 
 2.51188643e+05  1.05438415e-07 
 2.57039578e+05  1.04950582e-07 
 2.63026799e+05  1.04463632e-07 
 2.69153480e+05  1.03977350e-07 
 2.75422870e+05  1.03491520e-07 
 2.81838293e+05  1.03005929e-07 
 2.88403150e+05  1.02520362e-07 
 2.95120923e+05  1.02034608e-07 
 3.01995172e+05  1.01548456e-07 
 3.09029543e+05  1.01061700e-07 
 3.16227766e+05  1.00574134e-07 
 3.23593657e+05  1.00085559e-07 
 3.31131121e+05  9.95957768e-08 
 3.38844156e+05  9.91045968e-08 
 3.46736850e+05  9.86118325e-08 
 3.54813389e+05  9.81173041e-08 
 3.63078055e+05  9.76208385e-08 
 3.71535229e+05  9.71222702e-08 
 3.80189396e+05  9.66214424e-08 
 3.89045145e+05  9.61182074e-08 
 3.98107171e+05  9.56124275e-08 
 4.07380278e+05  9.51039758e-08 
 4.16869383e+05  9.45927373e-08 
 4.26579519e+05  9.40786093e-08 
 4.36515832e+05  9.35615026e-08 
 4.46683592e+05  9.30413420e-08 
 4.57088190e+05  9.25180675e-08 
 4.67735141e+05  9.19916346e-08 
 4.78630092e+05  9.14620155e-08 
 4.89778819e+05  9.09291995e-08 
 5.01187234e+05  9.03931939e-08 
 5.12861384e+05  8.98540243e-08 
 5.24807460e+05  8.93117355e-08 
 5.37031796e+05  8.87663918e-08 
 5.49540874e+05  8.82180774e-08 
 5.62341325e+05  8.76668968e-08 
 5.75439937e+05  8.71129748e-08 
 5.88843655e+05  8.65564571e-08 
 6.02559586e+05  8.59975097e-08 
 6.16595002e+05  8.54363193e-08 
 6.30957344e+05  8.48730928e-08 
 6.45654229e+05  8.43080571e-08 
 6.60693448e+05  8.37414588e-08 
 6.76082975e+05  8.31735630e-08 
 6.91830971e+05  8.26046537e-08 
 7.07945784e+05  8.20350318e-08 
 7.24435960e+05  8.14650150e-08 
 7.41310241e+05  8.08949365e-08 
 7.58577575e+05  8.03251436e-08 
 7.76247117e+05  7.97559970e-08 
 7.94328235e+05  7.91878689e-08 
 8.12830516e+05  7.86211418e-08 
 8.31763771e+05  7.80562074e-08 
 8.51138038e+05  7.74934642e-08 
 8.70963590e+05  7.69333167e-08 
 8.91250938e+05  7.63761733e-08 
 9.12010839e+05  7.58224449e-08 
 9.33254301e+05  7.52725432e-08 
 9.54992586e+05  7.47268788e-08 
 9.77237221e+05  7.41858597e-08 
 1.00000000e+06  7.36498902e-08 
 1.02329299e+06  7.31193684e-08 
 1.04712855e+06  7.25946854e-08 
 1.07151931e+06  7.20762239e-08 
 1.09647820e+06  7.15643563e-08 
 1.12201845e+06  7.10594439e-08 
 1.14815362e+06  7.05618359e-08 
 1.17489755e+06  7.00718677e-08 
 1.20226443e+06  6.95898607e-08 
 1.23026877e+06  6.91161209e-08 
 1.25892541e+06  6.86509385e-08 
 1.28824955e+06  6.81945872e-08 
 1.31825674e+06  6.77473241e-08 
 1.34896288e+06  6.73093885e-08 
 1.38038426e+06  6.68810026e-08 
 1.41253754e+06  6.64623710e-08 
 1.44543977e+06  6.60536805e-08 
 1.47910839e+06  6.56551005e-08 
 1.51356125e+06  6.52667830e-08 
 1.54881662e+06  6.48888633e-08 
 1.58489319e+06  6.45214596e-08 
 1.62181010e+06  6.41646743e-08 
 1.65958691e+06  6.38185937e-08 
 1.69824365e+06  6.34832894e-08 
 1.73780083e+06  6.31588182e-08 
 1.77827941e+06  6.28452231e-08 
 1.81970086e+06  6.25425339e-08 
 1.86208714e+06  6.22507681e-08 
 1.90546072e+06  6.19699312e-08 
 1.94984460e+06  6.17000175e-08 
 1.99526231e+06  6.14410111e-08 
 2.04173794e+06  6.11928863e-08 
 2.08929613e+06  6.09556082e-08 
 2.13796209e+06  6.07291331e-08 
 2.18776162e+06  6.05134095e-08 
 2.23872114e+06  6.03083781e-08 
 2.29086765e+06  6.01139723e-08 
 2.34422882e+06  5.99301182e-08 
 2.39883292e+06  5.97567353e-08 
 2.45470892e+06  5.95937358e-08 
 2.51188643e+06  5.94410250e-08 
 2.57039578e+06  5.92985006e-08 
 2.63026799e+06  5.91660524e-08 
 2.69153480e+06  5.90435614e-08 
 2.75422870e+06  5.89308993e-08 
 2.81838293e+06  5.88279267e-08 
 2.88403150e+06  5.87344920e-08 
 2.95120923e+06  5.86504293e-08 
 3.01995172e+06  5.85755564e-08 
 3.09029543e+06  5.85096723e-08 
 3.16227766e+06  5.84525538e-08 
 3.23593657e+06  5.84039522e-08 
 3.31131121e+06  5.83635893e-08 
 3.38844156e+06  5.83311523e-08 
 3.46736850e+06  5.83062886e-08 
 3.54813389e+06  5.82885997e-08 
 3.63078055e+06  5.82776340e-08 
 3.71535229e+06  5.82728792e-08 
 3.80189396e+06  5.82737529e-08 
 3.89045145e+06  5.82795933e-08 
 3.98107171e+06  5.82896477e-08 
 4.07380278e+06  5.83030605e-08 
 4.16869383e+06  5.83188598e-08 
 4.26579519e+06  5.83359427e-08 
 4.36515832e+06  5.83530597e-08 
 4.46683592e+06  5.83687979e-08 
 4.57088190e+06  5.83815635e-08 
 4.67735141e+06  5.83895633e-08 
 4.78630092e+06  5.83907865e-08 
 4.89778819e+06  5.83829868e-08 
 5.01187234e+06  5.83636650e-08 
 5.12861384e+06  5.83300547e-08 
 5.24807460e+06  5.82791103e-08 
 5.37031796e+06  5.82075005e-08 
 5.49540874e+06  5.81116073e-08 
 5.62341325e+06  5.79875342e-08 
 5.75439937e+06  5.78311249e-08 
 5.88843655e+06  5.76379944e-08 
 6.02559586e+06  5.74035755e-08 
 6.16595002e+06  5.71231825e-08 
 6.30957344e+06  5.67920933e-08 
 6.45654229e+06  5.64056510e-08 
 6.60693448e+06  5.59593843e-08 
 6.76082975e+06  5.54491449e-08 
 6.91830971e+06  5.48712572e-08 
 7.07945784e+06  5.42226762e-08 
 7.24435960e+06  5.35011441e-08 
 7.41310241e+06  5.27053376e-08 
 7.58577575e+06  5.18349948e-08 
 7.76247117e+06  5.08910116e-08 
 7.94328235e+06  4.98754984e-08 
 8.12830516e+06  4.87917896e-08 
 8.31763771e+06  4.76444017e-08 
 8.51138038e+06  4.64389406e-08 
 8.70963590e+06  4.51819616e-08 
 8.91250938e+06  4.38807899e-08 
 9.12010839e+06  4.25433141e-08 
 9.33254301e+06  4.11777633e-08 
 9.54992586e+06  3.97924837e-08 
 9.77237221e+06  3.83957255e-08 
 1.00000000e+07  3.69954517e-08 
 1.02329299e+07  3.55991760e-08 
 1.04712855e+07  3.42138343e-08 
 1.07151931e+07  3.28456924e-08 
 1.09647820e+07  3.15002879e-08 
 1.12201845e+07  3.01824041e-08 
 1.14815362e+07  2.88960713e-08 
 1.17489755e+07  2.76445898e-08 
 1.20226443e+07  2.64305707e-08 
 1.23026877e+07  2.52559886e-08 
 1.25892541e+07  2.41222409e-08 
 1.28824955e+07  2.30302125e-08 
 1.31825674e+07  2.19803394e-08 
 1.34896288e+07  2.09726721e-08 
 1.38038426e+07  2.00069347e-08 
 1.41253754e+07  1.90825799e-08 
 1.44543977e+07  1.81988389e-08 
 1.47910839e+07  1.73547661e-08 
 1.51356125e+07  1.65492778e-08 
 1.54881662e+07  1.57811868e-08 
 1.58489319e+07  1.50492310e-08 
 1.62181010e+07  1.43520984e-08 
 1.65958691e+07  1.36884476e-08 
 1.69824365e+07  1.30569252e-08 
 1.73780083e+07  1.24561794e-08 
 1.77827941e+07  1.18848717e-08 
 1.81970086e+07  1.13416857e-08 
 1.86208714e+07  1.08253341e-08 
 1.90546072e+07  1.03345641e-08 
 1.94984460e+07  9.86816133e-09 
 1.99526231e+07  9.42495256e-09 
 2.04173794e+07  9.00380763e-09 
 2.08929613e+07  8.60364046e-09 
 2.13796209e+07  8.22340948e-09 
 2.18776162e+07  7.86211754e-09 
 2.23872114e+07  7.51881141e-09 
 2.29086765e+07  7.19258105e-09 
 2.34422882e+07  6.88255854e-09 
 2.39883292e+07  6.58791691e-09 
 2.45470892e+07  6.30786878e-09 
 2.51188643e+07  6.04166501e-09 
 2.57039578e+07  5.78859321e-09 
 2.63026799e+07  5.54797625e-09 
 2.69153480e+07  5.31917080e-09 
 2.75422870e+07  5.10156581e-09 
 2.81838293e+07  4.89458111e-09 
 2.88403150e+07  4.69766596e-09 
 2.95120923e+07  4.51029767e-09 
 3.01995172e+07  4.33198029e-09 
 3.09029543e+07  4.16224329e-09 
 3.16227766e+07  4.00064035e-09 
 3.23593657e+07  3.84674818e-09 
 3.31131121e+07  3.70016537e-09 
 3.38844156e+07  3.56051131e-09 
 3.46736850e+07  3.42742519e-09 
 3.54813389e+07  3.30056498e-09 
 3.63078055e+07  3.17960650e-09 
 3.71535229e+07  3.06424254e-09 
 3.80189396e+07  2.95418201e-09 
 3.89045145e+07  2.84914913e-09 
 3.98107171e+07  2.74888268e-09 
 4.07380278e+07  2.65313521e-09 
 4.16869383e+07  2.56167244e-09 
 4.26579519e+07  2.47427249e-09 
 4.36515832e+07  2.39072536e-09 
 4.46683592e+07  2.31083224e-09 
 4.57088190e+07  2.23440500e-09 
 4.67735141e+07  2.16126559e-09 
 4.78630092e+07  2.09124560e-09 
 4.89778819e+07  2.02418569e-09 
 5.01187234e+07  1.95993515e-09 
 5.12861384e+07  1.89835149e-09 
 5.24807460e+07  1.83929994e-09 
 5.37031796e+07  1.78265311e-09 
 5.49540874e+07  1.72829055e-09 
 5.62341325e+07  1.67609842e-09 
 5.75439937e+07  1.62596915e-09 
 5.88843655e+07  1.57780104e-09 
 6.02559586e+07  1.53149800e-09 
 6.16595002e+07  1.48696925e-09 
 6.30957344e+07  1.44412899e-09 
 6.45654229e+07  1.40289616e-09 
 6.60693448e+07  1.36319416e-09 
 6.76082975e+07  1.32495062e-09 
 6.91830971e+07  1.28809715e-09 
 7.07945784e+07  1.25256914e-09 
 7.24435960e+07  1.21830551e-09 
 7.41310241e+07  1.18524854e-09 
 7.58577575e+07  1.15334367e-09 
 7.76247117e+07  1.12253934e-09 
 7.94328235e+07  1.09278676e-09 
 8.12830516e+07  1.06403983e-09 
 8.31763771e+07  1.03625491e-09 
 8.51138038e+07  1.00939075e-09 
 8.70963590e+07  9.83408283e-10 
 8.91250938e+07  9.58270540e-10 
 9.12010839e+07  9.33942519e-10 
 9.33254301e+07  9.10391064e-10 
 9.54992586e+07  8.87584762e-10 
 9.77237221e+07  8.65493841e-10 
 1.00000000e+08  8.44090069e-10 
