 frequency       onoise_spectrum
 1.00000000e-01  3.19481831e-05 
 1.02329299e-01  3.16383858e-05 
 1.04712855e-01  3.13315944e-05 
 1.07151931e-01  3.10277798e-05 
 1.09647820e-01  3.07269130e-05 
 1.12201845e-01  3.04289653e-05 
 1.14815362e-01  3.01339086e-05 
 1.17489755e-01  2.98417146e-05 
 1.20226443e-01  2.95523556e-05 
 1.23026877e-01  2.92658042e-05 
 1.25892541e-01  2.89820329e-05 
 1.28824955e-01  2.87010149e-05 
 1.31825674e-01  2.84227233e-05 
 1.34896288e-01  2.81471319e-05 
 1.38038426e-01  2.78742142e-05 
 1.41253754e-01  2.76039444e-05 
 1.44543977e-01  2.73362968e-05 
 1.47910839e-01  2.70712458e-05 
 1.51356125e-01  2.68087664e-05 
 1.54881662e-01  2.65488335e-05 
 1.58489319e-01  2.62914224e-05 
 1.62181010e-01  2.60365086e-05 
 1.65958691e-01  2.57840679e-05 
 1.69824365e-01  2.55340763e-05 
 1.73780083e-01  2.52865100e-05 
 1.77827941e-01  2.50413455e-05 
 1.81970086e-01  2.47985594e-05 
 1.86208714e-01  2.45581287e-05 
 1.90546072e-01  2.43200305e-05 
 1.94984460e-01  2.40842421e-05 
 1.99526231e-01  2.38507412e-05 
 2.04173794e-01  2.36195055e-05 
 2.08929613e-01  2.33905130e-05 
 2.13796209e-01  2.31637420e-05 
 2.18776162e-01  2.29391709e-05 
 2.23872114e-01  2.27167783e-05 
 2.29086765e-01  2.24965432e-05 
 2.34422882e-01  2.22784445e-05 
 2.39883292e-01  2.20624615e-05 
 2.45470892e-01  2.18485737e-05 
 2.51188643e-01  2.16367608e-05 
 2.57039578e-01  2.14270026e-05 
 2.63026799e-01  2.12192792e-05 
 2.69153480e-01  2.10135707e-05 
 2.75422870e-01  2.08098578e-05 
 2.81838293e-01  2.06081209e-05 
 2.88403150e-01  2.04083409e-05 
 2.95120923e-01  2.02104989e-05 
 3.01995172e-01  2.00145759e-05 
 3.09029543e-01  1.98205535e-05 
 3.16227766e-01  1.96284131e-05 
 3.23593657e-01  1.94381364e-05 
 3.31131121e-01  1.92497055e-05 
 3.38844156e-01  1.90631023e-05 
 3.46736850e-01  1.88783091e-05 
 3.54813389e-01  1.86953084e-05 
 3.63078055e-01  1.85140828e-05 
 3.71535229e-01  1.83346150e-05 
 3.80189396e-01  1.81568880e-05 
 3.89045145e-01  1.79808849e-05 
 3.98107171e-01  1.78065889e-05 
 4.07380278e-01  1.76339835e-05 
 4.16869383e-01  1.74630523e-05 
 4.26579519e-01  1.72937790e-05 
 4.36515832e-01  1.71261476e-05 
 4.46683592e-01  1.69601421e-05 
 4.57088190e-01  1.67957467e-05 
 4.67735141e-01  1.66329458e-05 
 4.78630092e-01  1.64717239e-05 
 4.89778819e-01  1.63120658e-05 
 5.01187234e-01  1.61539561e-05 
 5.12861384e-01  1.59973800e-05 
 5.24807460e-01  1.58423225e-05 
 5.37031796e-01  1.56887689e-05 
 5.49540874e-01  1.55367046e-05 
 5.62341325e-01  1.53861151e-05 
 5.75439937e-01  1.52369862e-05 
 5.88843655e-01  1.50893036e-05 
 6.02559586e-01  1.49430533e-05 
 6.16595002e-01  1.47982215e-05 
 6.30957344e-01  1.46547943e-05 
 6.45654229e-01  1.45127581e-05 
 6.60693448e-01  1.43720995e-05 
 6.76082975e-01  1.42328050e-05 
 6.91830971e-01  1.40948615e-05 
 7.07945784e-01  1.39582558e-05 
 7.24435960e-01  1.38229749e-05 
 7.41310241e-01  1.36890060e-05 
 7.58577575e-01  1.35563363e-05 
 7.76247117e-01  1.34249533e-05 
 7.94328235e-01  1.32948444e-05 
 8.12830516e-01  1.31659974e-05 
 8.31763771e-01  1.30383999e-05 
 8.51138038e-01  1.29120398e-05 
 8.70963590e-01  1.27869051e-05 
 8.91250938e-01  1.26629840e-05 
 9.12010839e-01  1.25402647e-05 
 9.33254301e-01  1.24187354e-05 
 9.54992586e-01  1.22983847e-05 
 9.77237221e-01  1.21792011e-05 
 1.00000000e+00  1.20611733e-05 
 1.02329299e+00  1.19442901e-05 
 1.04712855e+00  1.18285403e-05 
 1.07151931e+00  1.17139131e-05 
 1.09647820e+00  1.16003974e-05 
 1.12201845e+00  1.14879825e-05 
 1.14815362e+00  1.13766578e-05 
 1.17489755e+00  1.12664126e-05 
 1.20226443e+00  1.11572364e-05 
 1.23026877e+00  1.10491190e-05 
 1.25892541e+00  1.09420500e-05 
 1.28824955e+00  1.08360193e-05 
 1.31825674e+00  1.07310167e-05 
 1.34896288e+00  1.06270324e-05 
 1.38038426e+00  1.05240564e-05 
 1.41253754e+00  1.04220789e-05 
 1.44543977e+00  1.03210904e-05 
 1.47910839e+00  1.02210811e-05 
 1.51356125e+00  1.01220415e-05 
 1.54881662e+00  1.00239623e-05 
 1.58489319e+00  9.92683422e-06 
 1.62181010e+00  9.83064792e-06 
 1.65958691e+00  9.73539430e-06 
 1.69824365e+00  9.64106433e-06 
 1.73780083e+00  9.54764903e-06 
 1.77827941e+00  9.45513954e-06 
 1.81970086e+00  9.36352708e-06 
 1.86208714e+00  9.27280293e-06 
 1.90546072e+00  9.18295848e-06 
 1.94984460e+00  9.09398520e-06 
 1.99526231e+00  9.00587464e-06 
 2.04173794e+00  8.91861842e-06 
 2.08929613e+00  8.83220827e-06 
 2.13796209e+00  8.74663598e-06 
 2.18776162e+00  8.66189342e-06 
 2.23872114e+00  8.57797254e-06 
 2.29086765e+00  8.49486537e-06 
 2.34422882e+00  8.41256401e-06 
 2.39883292e+00  8.33106067e-06 
 2.45470892e+00  8.25034758e-06 
 2.51188643e+00  8.17041709e-06 
 2.57039578e+00  8.09126161e-06 
 2.63026799e+00  8.01287362e-06 
 2.69153480e+00  7.93524568e-06 
 2.75422870e+00  7.85837041e-06 
 2.81838293e+00  7.78224052e-06 
 2.88403150e+00  7.70684877e-06 
 2.95120923e+00  7.63218801e-06 
 3.01995172e+00  7.55825115e-06 
 3.09029543e+00  7.48503116e-06 
 3.16227766e+00  7.41252110e-06 
 3.23593657e+00  7.34071408e-06 
 3.31131121e+00  7.26960328e-06 
 3.38844156e+00  7.19918195e-06 
 3.46736850e+00  7.12944340e-06 
 3.54813389e+00  7.06038101e-06 
 3.63078055e+00  6.99198823e-06 
 3.71535229e+00  6.92425856e-06 
 3.80189396e+00  6.85718556e-06 
 3.89045145e+00  6.79076288e-06 
 3.98107171e+00  6.72498420e-06 
 4.07380278e+00  6.65984329e-06 
 4.16869383e+00  6.59533395e-06 
 4.26579519e+00  6.53145006e-06 
 4.36515832e+00  6.46818555e-06 
 4.46683592e+00  6.40553443e-06 
 4.57088190e+00  6.34349074e-06 
 4.67735141e+00  6.28204859e-06 
 4.78630092e+00  6.22120215e-06 
 4.89778819e+00  6.16094564e-06 
 5.01187234e+00  6.10127334e-06 
 5.12861384e+00  6.04217959e-06 
 5.24807460e+00  5.98365878e-06 
 5.37031796e+00  5.92570536e-06 
 5.49540874e+00  5.86831381e-06 
 5.62341325e+00  5.81147870e-06 
 5.75439937e+00  5.75519462e-06 
 5.88843655e+00  5.69945625e-06 
 6.02559586e+00  5.64425827e-06 
 6.16595002e+00  5.58959546e-06 
 6.30957344e+00  5.53546263e-06 
 6.45654229e+00  5.48185464e-06 
 6.60693448e+00  5.42876640e-06 
 6.76082975e+00  5.37619286e-06 
 6.91830971e+00  5.32412905e-06 
 7.07945784e+00  5.27257002e-06 
 7.24435960e+00  5.22151088e-06 
 7.41310241e+00  5.17094677e-06 
 7.58577575e+00  5.12087290e-06 
 7.76247117e+00  5.07128452e-06 
 7.94328235e+00  5.02217693e-06 
 8.12830516e+00  4.97354545e-06 
 8.31763771e+00  4.92538548e-06 
 8.51138038e+00  4.87769244e-06 
 8.70963590e+00  4.83046181e-06 
 8.91250938e+00  4.78368911e-06 
 9.12010839e+00  4.73736989e-06 
 9.33254301e+00  4.69149977e-06 
 9.54992586e+00  4.64607438e-06 
 9.77237221e+00  4.60108942e-06 
 1.00000000e+01  4.55654062e-06 
 1.02329299e+01  4.51242375e-06 
 1.04712855e+01  4.46873462e-06 
 1.07151931e+01  4.42546909e-06 
 1.09647820e+01  4.38262305e-06 
 1.12201845e+01  4.34019244e-06 
 1.14815362e+01  4.29817323e-06 
 1.17489755e+01  4.25656143e-06 
 1.20226443e+01  4.21535310e-06 
 1.23026877e+01  4.17454432e-06 
 1.25892541e+01  4.13413122e-06 
 1.28824955e+01  4.09410997e-06 
 1.31825674e+01  4.05447677e-06 
 1.34896288e+01  4.01522786e-06 
 1.38038426e+01  3.97635951e-06 
 1.41253754e+01  3.93786804e-06 
 1.44543977e+01  3.89974980e-06 
 1.47910839e+01  3.86200116e-06 
 1.51356125e+01  3.82461855e-06 
 1.54881662e+01  3.78759842e-06 
 1.58489319e+01  3.75093726e-06 
 1.62181010e+01  3.71463159e-06 
 1.65958691e+01  3.67867796e-06 
 1.69824365e+01  3.64307296e-06 
 1.73780083e+01  3.60781322e-06 
 1.77827941e+01  3.57289539e-06 
 1.81970086e+01  3.53831616e-06 
 1.86208714e+01  3.50407225e-06 
 1.90546072e+01  3.47016040e-06 
 1.94984460e+01  3.43657741e-06 
 1.99526231e+01  3.40332008e-06 
 2.04173794e+01  3.37038526e-06 
 2.08929613e+01  3.33776983e-06 
 2.13796209e+01  3.30547069e-06 
 2.18776162e+01  3.27348478e-06 
 2.23872114e+01  3.24180906e-06 
 2.29086765e+01  3.21044053e-06 
 2.34422882e+01  3.17937622e-06 
 2.39883292e+01  3.14861317e-06 
 2.45470892e+01  3.11814847e-06 
 2.51188643e+01  3.08797923e-06 
 2.57039578e+01  3.05810258e-06 
 2.63026799e+01  3.02851570e-06 
 2.69153480e+01  2.99921578e-06 
 2.75422870e+01  2.97020003e-06 
 2.81838293e+01  2.94146571e-06 
 2.88403150e+01  2.91301009e-06 
 2.95120923e+01  2.88483047e-06 
 3.01995172e+01  2.85692418e-06 
 3.09029543e+01  2.82928857e-06 
 3.16227766e+01  2.80192102e-06 
 3.23593657e+01  2.77481893e-06 
 3.31131121e+01  2.74797974e-06 
 3.38844156e+01  2.72140089e-06 
 3.46736850e+01  2.69507988e-06 
 3.54813389e+01  2.66901420e-06 
 3.63078055e+01  2.64320137e-06 
 3.71535229e+01  2.61763896e-06 
 3.80189396e+01  2.59232453e-06 
 3.89045145e+01  2.56725569e-06 
 3.98107171e+01  2.54243006e-06 
 4.07380278e+01  2.51784528e-06 
 4.16869383e+01  2.49349903e-06 
 4.26579519e+01  2.46938899e-06 
 4.36515832e+01  2.44551288e-06 
 4.46683592e+01  2.42186843e-06 
 4.57088190e+01  2.39845341e-06 
 4.67735141e+01  2.37526558e-06 
 4.78630092e+01  2.35230276e-06 
 4.89778819e+01  2.32956276e-06 
 5.01187234e+01  2.30704343e-06 
 5.12861384e+01  2.28474263e-06 
 5.24807460e+01  2.26265825e-06 
 5.37031796e+01  2.24078820e-06 
 5.49540874e+01  2.21913039e-06 
 5.62341325e+01  2.19768278e-06 
 5.75439937e+01  2.17644334e-06 
 5.88843655e+01  2.15541004e-06 
 6.02559586e+01  2.13458090e-06 
 6.16595002e+01  2.11395394e-06 
 6.30957344e+01  2.09352720e-06 
 6.45654229e+01  2.07329876e-06 
 6.60693448e+01  2.05326668e-06 
 6.76082975e+01  2.03342907e-06 
 6.91830971e+01  2.01378404e-06 
 7.07945784e+01  1.99432975e-06 
 7.24435960e+01  1.97506434e-06 
 7.41310241e+01  1.95598598e-06 
 7.58577575e+01  1.93709287e-06 
 7.76247117e+01  1.91838322e-06 
 7.94328235e+01  1.89985525e-06 
 8.12830516e+01  1.88150720e-06 
 8.31763771e+01  1.86333734e-06 
 8.51138038e+01  1.84534395e-06 
 8.70963590e+01  1.82752531e-06 
 8.91250938e+01  1.80987973e-06 
 9.12010839e+01  1.79240556e-06 
 9.33254301e+01  1.77510112e-06 
 9.54992586e+01  1.75796478e-06 
 9.77237221e+01  1.74099492e-06 
 1.00000000e+02  1.72418992e-06 
 1.02329299e+02  1.70754819e-06 
 1.04712855e+02  1.69106816e-06 
 1.07151931e+02  1.67474826e-06 
 1.09647820e+02  1.65858694e-06 
 1.12201845e+02  1.64258268e-06 
 1.14815362e+02  1.62673395e-06 
 1.17489755e+02  1.61103926e-06 
 1.20226443e+02  1.59549712e-06 
 1.23026877e+02  1.58010605e-06 
 1.25892541e+02  1.56486459e-06 
 1.28824955e+02  1.54977130e-06 
 1.31825674e+02  1.53482475e-06 
 1.34896288e+02  1.52002352e-06 
 1.38038426e+02  1.50536621e-06 
 1.41253754e+02  1.49085144e-06 
 1.44543977e+02  1.47647781e-06 
 1.47910839e+02  1.46224398e-06 
 1.51356125e+02  1.44814859e-06 
 1.54881662e+02  1.43419031e-06 
 1.58489319e+02  1.42036781e-06 
 1.62181010e+02  1.40667978e-06 
 1.65958691e+02  1.39312493e-06 
 1.69824365e+02  1.37970197e-06 
 1.73780083e+02  1.36640963e-06 
 1.77827941e+02  1.35324665e-06 
 1.81970086e+02  1.34021179e-06 
 1.86208714e+02  1.32730380e-06 
 1.90546072e+02  1.31452146e-06 
 1.94984460e+02  1.30186356e-06 
 1.99526231e+02  1.28932891e-06 
 2.04173794e+02  1.27691631e-06 
 2.08929613e+02  1.26462459e-06 
 2.13796209e+02  1.25245258e-06 
 2.18776162e+02  1.24039913e-06 
 2.23872114e+02  1.22846310e-06 
 2.29086765e+02  1.21664336e-06 
 2.34422882e+02  1.20493878e-06 
 2.39883292e+02  1.19334825e-06 
 2.45470892e+02  1.18187069e-06 
 2.51188643e+02  1.17050500e-06 
 2.57039578e+02  1.15925009e-06 
 2.63026799e+02  1.14810492e-06 
 2.69153480e+02  1.13706842e-06 
 2.75422870e+02  1.12613954e-06 
 2.81838293e+02  1.11531725e-06 
 2.88403150e+02  1.10460053e-06 
 2.95120923e+02  1.09398835e-06 
 3.01995172e+02  1.08347971e-06 
 3.09029543e+02  1.07307362e-06 
 3.16227766e+02  1.06276910e-06 
 3.23593657e+02  1.05256515e-06 
 3.31131121e+02  1.04246082e-06 
 3.38844156e+02  1.03245516e-06 
 3.46736850e+02  1.02254720e-06 
 3.54813389e+02  1.01273601e-06 
 3.63078055e+02  1.00302067e-06 
 3.71535229e+02  9.93400253e-07 
 3.80189396e+02  9.83873844e-07 
 3.89045145e+02  9.74440542e-07 
 3.98107171e+02  9.65099454e-07 
 4.07380278e+02  9.55849695e-07 
 4.16869383e+02  9.46690387e-07 
 4.26579519e+02  9.37620664e-07 
 4.36515832e+02  9.28639665e-07 
 4.46683592e+02  9.19746540e-07 
 4.57088190e+02  9.10940445e-07 
 4.67735141e+02  9.02220547e-07 
 4.78630092e+02  8.93586019e-07 
 4.89778819e+02  8.85036042e-07 
 5.01187234e+02  8.76569807e-07 
 5.12861384e+02  8.68186511e-07 
 5.24807460e+02  8.59885360e-07 
 5.37031796e+02  8.51665567e-07 
 5.49540874e+02  8.43526353e-07 
 5.62341325e+02  8.35466947e-07 
 5.75439937e+02  8.27486584e-07 
 5.88843655e+02  8.19584510e-07 
 6.02559586e+02  8.11759974e-07 
 6.16595002e+02  8.04012235e-07 
 6.30957344e+02  7.96340560e-07 
 6.45654229e+02  7.88744220e-07 
 6.60693448e+02  7.81222496e-07 
 6.76082975e+02  7.73774675e-07 
 6.91830971e+02  7.66400052e-07 
 7.07945784e+02  7.59097926e-07 
 7.24435960e+02  7.51867607e-07 
 7.41310241e+02  7.44708408e-07 
 7.58577575e+02  7.37619652e-07 
 7.76247117e+02  7.30600666e-07 
 7.94328235e+02  7.23650785e-07 
 8.12830516e+02  7.16769349e-07 
 8.31763771e+02  7.09955708e-07 
 8.51138038e+02  7.03209215e-07 
 8.70963590e+02  6.96529230e-07 
 8.91250938e+02  6.89915120e-07 
 9.12010839e+02  6.83366258e-07 
 9.33254301e+02  6.76882023e-07 
 9.54992586e+02  6.70461800e-07 
 9.77237221e+02  6.64104981e-07 
 1.00000000e+03  6.57810963e-07 
 1.02329299e+03  6.51579149e-07 
 1.04712855e+03  6.45408948e-07 
 1.07151931e+03  6.39299775e-07 
 1.09647820e+03  6.33251050e-07 
 1.12201845e+03  6.27262201e-07 
 1.14815362e+03  6.21332658e-07 
 1.17489755e+03  6.15461860e-07 
 1.20226443e+03  6.09649250e-07 
 1.23026877e+03  6.03894275e-07 
 1.25892541e+03  5.98196392e-07 
 1.28824955e+03  5.92555058e-07 
 1.31825674e+03  5.86969738e-07 
 1.34896288e+03  5.81439903e-07 
 1.38038426e+03  5.75965028e-07 
 1.41253754e+03  5.70544593e-07 
 1.44543977e+03  5.65178084e-07 
 1.47910839e+03  5.59864992e-07 
 1.51356125e+03  5.54604811e-07 
 1.54881662e+03  5.49397044e-07 
 1.58489319e+03  5.44241195e-07 
 1.62181010e+03  5.39136775e-07 
 1.65958691e+03  5.34083299e-07 
 1.69824365e+03  5.29080287e-07 
 1.73780083e+03  5.24127265e-07 
 1.77827941e+03  5.19223761e-07 
 1.81970086e+03  5.14369310e-07 
 1.86208714e+03  5.09563451e-07 
 1.90546072e+03  5.04805726e-07 
 1.94984460e+03  5.00095685e-07 
 1.99526231e+03  4.95432879e-07 
 2.04173794e+03  4.90816864e-07 
 2.08929613e+03  4.86247203e-07 
 2.13796209e+03  4.81723460e-07 
 2.18776162e+03  4.77245205e-07 
 2.23872114e+03  4.72812013e-07 
 2.29086765e+03  4.68423461e-07 
 2.34422882e+03  4.64079132e-07 
 2.39883292e+03  4.59778613e-07 
 2.45470892e+03  4.55521494e-07 
 2.51188643e+03  4.51307370e-07 
 2.57039578e+03  4.47135839e-07 
 2.63026799e+03  4.43006505e-07 
 2.69153480e+03  4.38918973e-07 
 2.75422870e+03  4.34872855e-07 
 2.81838293e+03  4.30867764e-07 
 2.88403150e+03  4.26903319e-07 
 2.95120923e+03  4.22979142e-07 
 3.01995172e+03  4.19094858e-07 
 3.09029543e+03  4.15250097e-07 
 3.16227766e+03  4.11444492e-07 
 3.23593657e+03  4.07677679e-07 
 3.31131121e+03  4.03949299e-07 
 3.38844156e+03  4.00258995e-07 
 3.46736850e+03  3.96606415e-07 
 3.54813389e+03  3.92991210e-07 
 3.63078055e+03  3.89413034e-07 
 3.71535229e+03  3.85871544e-07 
 3.80189396e+03  3.82366402e-07 
 3.89045145e+03  3.78897272e-07 
 3.98107171e+03  3.75463821e-07 
 4.07380278e+03  3.72065721e-07 
 4.16869383e+03  3.68702646e-07 
 4.26579519e+03  3.65374273e-07 
 4.36515832e+03  3.62080283e-07 
 4.46683592e+03  3.58820359e-07 
 4.57088190e+03  3.55594188e-07 
 4.67735141e+03  3.52401461e-07 
 4.78630092e+03  3.49241870e-07 
 4.89778819e+03  3.46115111e-07 
 5.01187234e+03  3.43020883e-07 
 5.12861384e+03  3.39958888e-07 
 5.24807460e+03  3.36928831e-07 
 5.37031796e+03  3.33930419e-07 
 5.49540874e+03  3.30963363e-07 
 5.62341325e+03  3.28027376e-07 
 5.75439937e+03  3.25122175e-07 
 5.88843655e+03  3.22247478e-07 
 6.02559586e+03  3.19403006e-07 
 6.16595002e+03  3.16588485e-07 
 6.30957344e+03  3.13803641e-07 
 6.45654229e+03  3.11048204e-07 
 6.60693448e+03  3.08321906e-07 
 6.76082975e+03  3.05624482e-07 
 6.91830971e+03  3.02955669e-07 
 7.07945784e+03  3.00315207e-07 
 7.24435960e+03  2.97702839e-07 
 7.41310241e+03  2.95118309e-07 
 7.58577575e+03  2.92561365e-07 
 7.76247117e+03  2.90031756e-07 
 7.94328235e+03  2.87529235e-07 
 8.12830516e+03  2.85053555e-07 
 8.31763771e+03  2.82604475e-07 
 8.51138038e+03  2.80181752e-07 
 8.70963590e+03  2.77785148e-07 
 8.91250938e+03  2.75414426e-07 
 9.12010839e+03  2.73069353e-07 
 9.33254301e+03  2.70749696e-07 
 9.54992586e+03  2.68455226e-07 
 9.77237221e+03  2.66185714e-07 
 1.00000000e+04  2.63940936e-07 
 1.02329299e+04  2.61720666e-07 
 1.04712855e+04  2.59524685e-07 
 1.07151931e+04  2.57352772e-07 
 1.09647820e+04  2.55204711e-07 
 1.12201845e+04  2.53080284e-07 
 1.14815362e+04  2.50979280e-07 
 1.17489755e+04  2.48901486e-07 
 1.20226443e+04  2.46846692e-07 
 1.23026877e+04  2.44814691e-07 
 1.25892541e+04  2.42805277e-07 
 1.28824955e+04  2.40818245e-07 
 1.31825674e+04  2.38853393e-07 
 1.34896288e+04  2.36910520e-07 
 1.38038426e+04  2.34989428e-07 
 1.41253754e+04  2.33089919e-07 
 1.44543977e+04  2.31211797e-07 
 1.47910839e+04  2.29354869e-07 
 1.51356125e+04  2.27518943e-07 
 1.54881662e+04  2.25703828e-07 
 1.58489319e+04  2.23909335e-07 
 1.62181010e+04  2.22135277e-07 
 1.65958691e+04  2.20381467e-07 
 1.69824365e+04  2.18647722e-07 
 1.73780083e+04  2.16933858e-07 
 1.77827941e+04  2.15239694e-07 
 1.81970086e+04  2.13565051e-07 
 1.86208714e+04  2.11909749e-07 
 1.90546072e+04  2.10273611e-07 
 1.94984460e+04  2.08656462e-07 
 1.99526231e+04  2.07058128e-07 
 2.04173794e+04  2.05478435e-07 
 2.08929613e+04  2.03917211e-07 
 2.13796209e+04  2.02374286e-07 
 2.18776162e+04  2.00849491e-07 
 2.23872114e+04  1.99342657e-07 
 2.29086765e+04  1.97853618e-07 
 2.34422882e+04  1.96382208e-07 
 2.39883292e+04  1.94928263e-07 
 2.45470892e+04  1.93491619e-07 
 2.51188643e+04  1.92072114e-07 
 2.57039578e+04  1.90669587e-07 
 2.63026799e+04  1.89283878e-07 
 2.69153480e+04  1.87914827e-07 
 2.75422870e+04  1.86562277e-07 
 2.81838293e+04  1.85226071e-07 
 2.88403150e+04  1.83906052e-07 
 2.95120923e+04  1.82602066e-07 
 3.01995172e+04  1.81313958e-07 
 3.09029543e+04  1.80041574e-07 
 3.16227766e+04  1.78784764e-07 
 3.23593657e+04  1.77543373e-07 
 3.31131121e+04  1.76317253e-07 
 3.38844156e+04  1.75106253e-07 
 3.46736850e+04  1.73910224e-07 
 3.54813389e+04  1.72729017e-07 
 3.63078055e+04  1.71562485e-07 
 3.71535229e+04  1.70410481e-07 
 3.80189396e+04  1.69272857e-07 
 3.89045145e+04  1.68149470e-07 
 3.98107171e+04  1.67040173e-07 
 4.07380278e+04  1.65944822e-07 
 4.16869383e+04  1.64863273e-07 
 4.26579519e+04  1.63795383e-07 
 4.36515832e+04  1.62741009e-07 
 4.46683592e+04  1.61700008e-07 
 4.57088190e+04  1.60672240e-07 
 4.67735141e+04  1.59657562e-07 
 4.78630092e+04  1.58655833e-07 
 4.89778819e+04  1.57666914e-07 
 5.01187234e+04  1.56690663e-07 
 5.12861384e+04  1.55726940e-07 
 5.24807460e+04  1.54775607e-07 
 5.37031796e+04  1.53836523e-07 
 5.49540874e+04  1.52909551e-07 
 5.62341325e+04  1.51994550e-07 
 5.75439937e+04  1.51091382e-07 
 5.88843655e+04  1.50199908e-07 
 6.02559586e+04  1.49319991e-07 
 6.16595002e+04  1.48451491e-07 
 6.30957344e+04  1.47594271e-07 
 6.45654229e+04  1.46748192e-07 
 6.60693448e+04  1.45913115e-07 
 6.76082975e+04  1.45088904e-07 
 6.91830971e+04  1.44275418e-07 
 7.07945784e+04  1.43472519e-07 
 7.24435960e+04  1.42680069e-07 
 7.41310241e+04  1.41897928e-07 
 7.58577575e+04  1.41125958e-07 
 7.76247117e+04  1.40364018e-07 
 7.94328235e+04  1.39611970e-07 
 8.12830516e+04  1.38869671e-07 
 8.31763771e+04  1.38136983e-07 
 8.51138038e+04  1.37413764e-07 
 8.70963590e+04  1.36699871e-07 
 8.91250938e+04  1.35995163e-07 
 9.12010839e+04  1.35299497e-07 
 9.33254301e+04  1.34612729e-07 
 9.54992586e+04  1.33934715e-07 
 9.77237221e+04  1.33265311e-07 
 1.00000000e+05  1.32604369e-07 
 1.02329299e+05  1.31951743e-07 
 1.04712855e+05  1.31307286e-07 
 1.07151931e+05  1.30670848e-07 
 1.09647820e+05  1.30042281e-07 
 1.12201845e+05  1.29421433e-07 
 1.14815362e+05  1.28808151e-07 
 1.17489755e+05  1.28202283e-07 
 1.20226443e+05  1.27603674e-07 
 1.23026877e+05  1.27012168e-07 
 1.25892541e+05  1.26427608e-07 
 1.28824955e+05  1.25849834e-07 
 1.31825674e+05  1.25278686e-07 
 1.34896288e+05  1.24714001e-07 
 1.38038426e+05  1.24155617e-07 
 1.41253754e+05  1.23603367e-07 
 1.44543977e+05  1.23057084e-07 
 1.47910839e+05  1.22516599e-07 
 1.51356125e+05  1.21981740e-07 
 1.54881662e+05  1.21452334e-07 
 1.58489319e+05  1.20928207e-07 
 1.62181010e+05  1.20409180e-07 
 1.65958691e+05  1.19895073e-07 
 1.69824365e+05  1.19385707e-07 
 1.73780083e+05  1.18880895e-07 
 1.77827941e+05  1.18380452e-07 
 1.81970086e+05  1.17884190e-07 
 1.86208714e+05  1.17391917e-07 
 1.90546072e+05  1.16903440e-07 
 1.94984460e+05  1.16418564e-07 
 1.99526231e+05  1.15937090e-07 
 2.04173794e+05  1.15458818e-07 
 2.08929613e+05  1.14983545e-07 
 2.13796209e+05  1.14511066e-07 
 2.18776162e+05  1.14041174e-07 
 2.23872114e+05  1.13573659e-07 
 2.29086765e+05  1.13108310e-07 
 2.34422882e+05  1.12644912e-07 
 2.39883292e+05  1.12183251e-07 
 2.45470892e+05  1.11723108e-07 
 2.51188643e+05  1.11264264e-07 
 2.57039578e+05  1.10806499e-07 
 2.63026799e+05  1.10349591e-07 
 2.69153480e+05  1.09893317e-07 
 2.75422870e+05  1.09437453e-07 
 2.81838293e+05  1.08981775e-07 
 2.88403150e+05  1.08526058e-07 
 2.95120923e+05  1.08070078e-07 
 3.01995172e+05  1.07613611e-07 
 3.09029543e+05  1.07156434e-07 
 3.16227766e+05  1.06698324e-07 
 3.23593657e+05  1.06239063e-07 
 3.31131121e+05  1.05778431e-07 
 3.38844156e+05  1.05316216e-07 
 3.46736850e+05  1.04852204e-07 
 3.54813389e+05  1.04386190e-07 
 3.63078055e+05  1.03917969e-07 
 3.71535229e+05  1.03447345e-07 
 3.80189396e+05  1.02974128e-07 
 3.89045145e+05  1.02498132e-07 
 3.98107171e+05  1.02019181e-07 
 4.07380278e+05  1.01537107e-07 
 4.16869383e+05  1.01051751e-07 
 4.26579519e+05  1.00562964e-07 
 4.36515832e+05  1.00070610e-07 
 4.46683592e+05  9.95745615e-08 
 4.57088190e+05  9.90747067e-08 
 4.67735141e+05  9.85709464e-08 
 4.78630092e+05  9.80631961e-08 
 4.89778819e+05  9.75513866e-08 
 5.01187234e+05  9.70354655e-08 
 5.12861384e+05  9.65153973e-08 
 5.24807460e+05  9.59911644e-08 
 5.37031796e+05  9.54627682e-08 
 5.49540874e+05  9.49302295e-08 
 5.62341325e+05  9.43935888e-08 
 5.75439937e+05  9.38529077e-08 
 5.88843655e+05  9.33082687e-08 
 6.02559586e+05  9.27597758e-08 
 6.16595002e+05  9.22075549e-08 
 6.30957344e+05  9.16517540e-08 
 6.45654229e+05  9.10925431e-08 
 6.60693448e+05  9.05301143e-08 
 6.76082975e+05  8.99646819e-08 
 6.91830971e+05  8.93964816e-08 
 7.07945784e+05  8.88257706e-08 
 7.24435960e+05  8.82528267e-08 
 7.41310241e+05  8.76779480e-08 
 7.58577575e+05  8.71014517e-08 
 7.76247117e+05  8.65236735e-08 
 7.94328235e+05  8.59449665e-08 
 8.12830516e+05  8.53657000e-08 
 8.31763771e+05  8.47862581e-08 
 8.51138038e+05  8.42070384e-08 
 8.70963590e+05  8.36284508e-08 
 8.91250938e+05  8.30509157e-08 
 9.12010839e+05  8.24748620e-08 
 9.33254301e+05  8.19007263e-08 
 9.54992586e+05  8.13289504e-08 
 9.77237221e+05  8.07599798e-08 
 1.00000000e+06  8.01942621e-08 
 1.02329299e+06  7.96322449e-08 
 1.04712855e+06  7.90743743e-08 
 1.07151931e+06  7.85210928e-08 
 1.09647820e+06  7.79728382e-08 
 1.12201845e+06  7.74300414e-08 
 1.14815362e+06  7.68931249e-08 
 1.17489755e+06  7.63625016e-08 
 1.20226443e+06  7.58385732e-08 
 1.23026877e+06  7.53217289e-08 
 1.25892541e+06  7.48123440e-08 
 1.28824955e+06  7.43107794e-08 
 1.31825674e+06  7.38173799e-08 
 1.34896288e+06  7.33324739e-08 
 1.38038426e+06  7.28563724e-08 
 1.41253754e+06  7.23893687e-08 
 1.44543977e+06  7.19317374e-08 
 1.47910839e+06  7.14837347e-08 
 1.51356125e+06  7.10455979e-08 
 1.54881662e+06  7.06175453e-08 
 1.58489319e+06  7.01997762e-08 
 1.62181010e+06  6.97924710e-08 
 1.65958691e+06  6.93957917e-08 
 1.69824365e+06  6.90098820e-08 
 1.73780083e+06  6.86348677e-08 
 1.77827941e+06  6.82708574e-08 
 1.81970086e+06  6.79179426e-08 
 1.86208714e+06  6.75761988e-08 
 1.90546072e+06  6.72456860e-08 
 1.94984460e+06  6.69264493e-08 
 1.99526231e+06  6.66185196e-08 
 2.04173794e+06  6.63219144e-08 
 2.08929613e+06  6.60366385e-08 
 2.13796209e+06  6.57626847e-08 
 2.18776162e+06  6.55000344e-08 
 2.23872114e+06  6.52486584e-08 
 2.29086765e+06  6.50085176e-08 
 2.34422882e+06  6.47795629e-08 
 2.39883292e+06  6.45617367e-08 
 2.45470892e+06  6.43549724e-08 
 2.51188643e+06  6.41591949e-08 
 2.57039578e+06  6.39743211e-08 
 2.63026799e+06  6.38002595e-08 
 2.69153480e+06  6.36369105e-08 
 2.75422870e+06  6.34841654e-08 
 2.81838293e+06  6.33419068e-08 
 2.88403150e+06  6.32100073e-08 
 2.95120923e+06  6.30883286e-08 
 3.01995172e+06  6.29767206e-08 
 3.09029543e+06  6.28750197e-08 
 3.16227766e+06  6.27830468e-08 
 3.23593657e+06  6.27006054e-08 
 3.31131121e+06  6.26274788e-08 
 3.38844156e+06  6.25634269e-08 
 3.46736850e+06  6.25081829e-08 
 3.54813389e+06  6.24614490e-08 
 3.63078055e+06  6.24228915e-08 
 3.71535229e+06  6.23921354e-08 
 3.80189396e+06  6.23687583e-08 
 3.89045145e+06  6.23522831e-08 
 3.98107171e+06  6.23421704e-08 
 4.07380278e+06  6.23378088e-08 
 4.16869383e+06  6.23385059e-08 
 4.26579519e+06  6.23434764e-08 
 4.36515832e+06  6.23518302e-08 
 4.46683592e+06  6.23625589e-08 
 4.57088190e+06  6.23745213e-08 
 4.67735141e+06  6.23864272e-08 
 4.78630092e+06  6.23968212e-08 
 4.89778819e+06  6.24040645e-08 
 5.01187234e+06  6.24063169e-08 
 5.12861384e+06  6.24015182e-08 
 5.24807460e+06  6.23873701e-08 
 5.37031796e+06  6.23613190e-08 
 5.49540874e+06  6.23205409e-08 
 5.62341325e+06  6.22619292e-08 
 5.75439937e+06  6.21820872e-08 
 5.88843655e+06  6.20773267e-08 
 6.02559586e+06  6.19436744e-08 
 6.16595002e+06  6.17768893e-08 
 6.30957344e+06  6.15724916e-08 
 6.45654229e+06  6.13258068e-08 
 6.60693448e+06  6.10320266e-08 
 6.76082975e+06  6.06862880e-08 
 6.91830971e+06  6.02837714e-08 
 7.07945784e+06  5.98198187e-08 
 7.24435960e+06  5.92900674e-08 
 7.41310241e+06  5.86906002e-08 
 7.58577575e+06  5.80181027e-08 
 7.76247117e+06  5.72700231e-08 
 7.94328235e+06  5.64447245e-08 
 8.12830516e+06  5.55416209e-08 
 8.31763771e+06  5.45612848e-08 
 8.51138038e+06  5.35055178e-08 
 8.70963590e+06  5.23773767e-08 
 8.91250938e+06  5.11811479e-08 
 9.12010839e+06  4.99222713e-08 
 9.33254301e+06  4.86072142e-08 
 9.54992586e+06  4.72433031e-08 
 9.77237221e+06  4.58385222e-08 
 1.00000000e+07  4.44012927e-08 
 1.02329299e+07  4.29402445e-08 
 1.04712855e+07  4.14639940e-08 
 1.07151931e+07  3.99809401e-08 
 1.09647820e+07  3.84990859e-08 
 1.12201845e+07  3.70258932e-08 
 1.14815362e+07  3.55681727e-08 
 1.17489755e+07  3.41320095e-08 
 1.20226443e+07  3.27227218e-08 
 1.23026877e+07  3.13448501e-08 
 1.25892541e+07  3.00021707e-08 
 1.28824955e+07  2.86977289e-08 
 1.31825674e+07  2.74338873e-08 
 1.34896288e+07  2.62123837e-08 
 1.38038426e+07  2.50343938e-08 
 1.41253754e+07  2.39005979e-08 
 1.44543977e+07  2.28112450e-08 
 1.47910839e+07  2.17662160e-08 
 1.51356125e+07  2.07650820e-08 
 1.54881662e+07  1.98071584e-08 
 1.58489319e+07  1.88915531e-08 
 1.62181010e+07  1.80172099e-08 
 1.65958691e+07  1.71829457e-08 
 1.69824365e+07  1.63874837e-08 
 1.73780083e+07  1.56294808e-08 
 1.77827941e+07  1.49075516e-08 
 1.81970086e+07  1.42202874e-08 
 1.86208714e+07  1.35662732e-08 
 1.90546072e+07  1.29441004e-08 
 1.94984460e+07  1.23523778e-08 
 1.99526231e+07  1.17897397e-08 
 2.04173794e+07  1.12548528e-08 
 2.08929613e+07  1.07464210e-08 
 2.13796209e+07  1.02631889e-08 
 2.18776162e+07  9.80394440e-09 
 2.23872114e+07  9.36752049e-09 
 2.29086765e+07  8.95279586e-09 
 2.34422882e+07  8.55869531e-09 
 2.39883292e+07  8.18418954e-09 
 2.45470892e+07  7.82829452e-09 
 2.51188643e+07  7.49007067e-09 
 2.57039578e+07  7.16862174e-09 
 2.63026799e+07  6.86309359e-09 
 2.69153480e+07  6.57267275e-09 
 2.75422870e+07  6.29658505e-09 
 2.81838293e+07  6.03409407e-09 
 2.88403150e+07  5.78449968e-09 
 2.95120923e+07  5.54713646e-09 
 3.01995172e+07  5.32137223e-09 
 3.09029543e+07  5.10660658e-09 
 3.16227766e+07  4.90226941e-09 
 3.23593657e+07  4.70781956e-09 
 3.31131121e+07  4.52274338e-09 
 3.38844156e+07  4.34655353e-09 
 3.46736850e+07  4.17878763e-09 
 3.54813389e+07  4.01900710e-09 
 3.63078055e+07  3.86679600e-09 
 3.71535229e+07  3.72175992e-09 
 3.80189396e+07  3.58352493e-09 
 3.89045145e+07  3.45173656e-09 
 3.98107171e+07  3.32605888e-09 
 4.07380278e+07  3.20617353e-09 
 4.16869383e+07  3.09177888e-09 
 4.26579519e+07  2.98258921e-09 
 4.36515832e+07  2.87833389e-09 
 4.46683592e+07  2.77875664e-09 
 4.57088190e+07  2.68361481e-09 
 4.67735141e+07  2.59267868e-09 
 4.78630092e+07  2.50573085e-09 
 4.89778819e+07  2.42256555e-09 
 5.01187234e+07  2.34298812e-09 
 5.12861384e+07  2.26681439e-09 
 5.24807460e+07  2.19387016e-09 
 5.37031796e+07  2.12399069e-09 
 5.49540874e+07  2.05702020e-09 
 5.62341325e+07  1.99281140e-09 
 5.75439937e+07  1.93122507e-09 
 5.88843655e+07  1.87212961e-09 
 6.02559586e+07  1.81540063e-09 
 6.16595002e+07  1.76092061e-09 
 6.30957344e+07  1.70857845e-09 
 6.45654229e+07  1.65826923e-09 
 6.60693448e+07  1.60989377e-09 
 6.76082975e+07  1.56335839e-09 
 6.91830971e+07  1.51857458e-09 
 7.07945784e+07  1.47545870e-09 
 7.24435960e+07  1.43393176e-09 
 7.41310241e+07  1.39391908e-09 
 7.58577575e+07  1.35535013e-09 
 7.76247117e+07  1.31815825e-09 
 7.94328235e+07  1.28228044e-09 
 8.12830516e+07  1.24765715e-09 
 8.31763771e+07  1.21423209e-09 
 8.51138038e+07  1.18195203e-09 
 8.70963590e+07  1.15076665e-09 
 8.91250938e+07  1.12062834e-09 
 9.12010839e+07  1.09149204e-09 
 9.33254301e+07  1.06331516e-09 
 9.54992586e+07  1.03605733e-09 
 9.77237221e+07  1.00968035e-09 
 1.00000000e+08  9.84148049e-10 
