 time            v(pad)          i(VDD)         
 0.00000000e+00  2.00072517e-01 -1.28014426e-05 
 2.50000000e-10  2.00072517e-01 -1.28014426e-05 
 5.00000000e-10  2.00072517e-01 -1.28014426e-05 
 1.00000000e-09  2.00072517e-01 -1.28014426e-05 
 2.00000000e-09  2.00072517e-01 -1.28014426e-05 
 4.00000000e-09  2.00072517e-01 -1.28014426e-05 
 8.00000000e-09  2.00072517e-01 -1.28014426e-05 
 1.60000000e-08  2.00072517e-01 -1.28014426e-05 
 3.20000000e-08  2.00072517e-01 -1.28014426e-05 
 5.70000000e-08  2.00072517e-01 -1.28014426e-05 
 8.20000000e-08  2.00072517e-01 -1.28014426e-05 
 1.07000000e-07  2.00072517e-01 -1.28014426e-05 
 1.32000000e-07  2.00072517e-01 -1.28014426e-05 
 1.57000000e-07  2.00072517e-01 -1.28014426e-05 
 1.82000000e-07  2.00072517e-01 -1.28014426e-05 
 2.07000000e-07  2.00072517e-01 -1.28014426e-05 
 2.32000000e-07  2.00072517e-01 -1.28014426e-05 
 2.57000000e-07  2.00072517e-01 -1.28014426e-05 
 2.82000000e-07  2.00072517e-01 -1.28014426e-05 
 3.07000000e-07  2.00072517e-01 -1.28014426e-05 
 3.32000000e-07  2.00072517e-01 -1.28014426e-05 
 3.57000000e-07  2.00072517e-01 -1.28014426e-05 
 3.82000000e-07  2.00072517e-01 -1.28014426e-05 
 4.07000000e-07  2.00072517e-01 -1.28014426e-05 
 4.32000000e-07  2.00072517e-01 -1.28014426e-05 
 4.57000000e-07  2.00072517e-01 -1.28014426e-05 
 4.82000000e-07  2.00072517e-01 -1.28014426e-05 
 5.07000000e-07  2.00072517e-01 -1.28014426e-05 
 5.32000000e-07  2.00072517e-01 -1.28014426e-05 
 5.57000000e-07  2.00072517e-01 -1.28014426e-05 
 5.82000000e-07  2.00072517e-01 -1.28014426e-05 
 6.07000000e-07  2.00072517e-01 -1.28014426e-05 
 6.32000000e-07  2.00072517e-01 -1.28014426e-05 
 6.57000000e-07  2.00072517e-01 -1.28014426e-05 
 6.82000000e-07  2.00072517e-01 -1.28014426e-05 
 7.07000000e-07  2.00072517e-01 -1.28014426e-05 
 7.32000000e-07  2.00072517e-01 -1.28014426e-05 
 7.57000000e-07  2.00072517e-01 -1.28014426e-05 
 7.82000000e-07  2.00072517e-01 -1.28014426e-05 
 8.07000000e-07  2.00072517e-01 -1.28014426e-05 
 8.32000000e-07  2.00072517e-01 -1.28014426e-05 
 8.57000000e-07  2.00072517e-01 -1.28014426e-05 
 8.82000000e-07  2.00072517e-01 -1.28014426e-05 
 9.07000000e-07  2.00072517e-01 -1.28014426e-05 
 9.32000000e-07  2.00072517e-01 -1.28014426e-05 
 9.57000000e-07  2.00072517e-01 -1.28014426e-05 
 9.82000000e-07  2.00072517e-01 -1.28014426e-05 
 1.00700000e-06  2.00072517e-01 -1.28014426e-05 
 1.03200000e-06  2.00072517e-01 -1.28014426e-05 
 1.05700000e-06  2.00072517e-01 -1.28014426e-05 
 1.08200000e-06  2.00072517e-01 -1.28014426e-05 
 1.10700000e-06  2.00072517e-01 -1.28014426e-05 
 1.13200000e-06  2.00072517e-01 -1.28014426e-05 
 1.15700000e-06  2.00072517e-01 -1.28014426e-05 
 1.18200000e-06  2.00072517e-01 -1.28014426e-05 
 1.20700000e-06  2.00072517e-01 -1.28014426e-05 
 1.23200000e-06  2.00072517e-01 -1.28014426e-05 
 1.25700000e-06  2.00072517e-01 -1.28014426e-05 
 1.28200000e-06  2.00072517e-01 -1.28014426e-05 
 1.30700000e-06  2.00072517e-01 -1.28014426e-05 
 1.33200000e-06  2.00072517e-01 -1.28014426e-05 
 1.35700000e-06  2.00072517e-01 -1.28014426e-05 
 1.38200000e-06  2.00072517e-01 -1.28014426e-05 
 1.40700000e-06  2.00072517e-01 -1.28014426e-05 
 1.43200000e-06  2.00072517e-01 -1.28014426e-05 
 1.45700000e-06  2.00072517e-01 -1.28014426e-05 
 1.48200000e-06  2.00072517e-01 -1.28014426e-05 
 1.50700000e-06  2.00072517e-01 -1.28014426e-05 
 1.53200000e-06  2.00072517e-01 -1.28014426e-05 
 1.55700000e-06  2.00072517e-01 -1.28014426e-05 
 1.58200000e-06  2.00072517e-01 -1.28014426e-05 
 1.60700000e-06  2.00072517e-01 -1.28014426e-05 
 1.63200000e-06  2.00072517e-01 -1.28014426e-05 
 1.65700000e-06  2.00072517e-01 -1.28014426e-05 
 1.68200000e-06  2.00072517e-01 -1.28014426e-05 
 1.70700000e-06  2.00072517e-01 -1.28014426e-05 
 1.73200000e-06  2.00072517e-01 -1.28014426e-05 
 1.75700000e-06  2.00072517e-01 -1.28014426e-05 
 1.78200000e-06  2.00072517e-01 -1.28014426e-05 
 1.80700000e-06  2.00072517e-01 -1.28014426e-05 
 1.83200000e-06  2.00072517e-01 -1.28014426e-05 
 1.85700000e-06  2.00072517e-01 -1.28014426e-05 
 1.88200000e-06  2.00072517e-01 -1.28014426e-05 
 1.90700000e-06  2.00072517e-01 -1.28014426e-05 
 1.93200000e-06  2.00072517e-01 -1.28014426e-05 
 1.95700000e-06  2.00072517e-01 -1.28014426e-05 
 1.97850000e-06  2.00072517e-01 -1.28014426e-05 
 2.00000000e-06  2.00072517e-01 -1.28014426e-05 
 2.00000421e-06  2.00072715e-01 -2.99731279e-06 
 2.00001264e-06  2.00073528e-01  2.21074766e-06 
 2.00001649e-06  2.00074175e-01  2.16587023e-06 
 2.00002194e-06  2.00075369e-01  1.80780411e-06 
 2.00002696e-06  2.00076723e-01  1.61848645e-06 
 2.00003321e-06  2.00078704e-01  1.35196774e-06 
 2.00004058e-06  2.00081387e-01  1.10915345e-06 
 2.00004846e-06  2.00084615e-01  8.54126629e-07 
 2.00005747e-06  2.00088674e-01  6.42839597e-07 
 2.00006645e-06  2.00093064e-01  4.41312005e-07 
 2.00007699e-06  2.00098588e-01  2.84678795e-07 
 2.00008769e-06  2.00104565e-01  1.34118984e-07 
 2.00010043e-06  2.00112120e-01  3.12643997e-08 
 2.00011362e-06  2.00120426e-01 -6.94092689e-08 
 2.00012954e-06  2.00131042e-01 -1.19997625e-07 
 2.00014655e-06  2.00143079e-01 -1.71921798e-07 
 2.00016753e-06  2.00158812e-01 -1.70928396e-07 
 2.00019097e-06  2.00177438e-01 -1.71879868e-07 
 2.00022102e-06  2.00202718e-01 -1.12899819e-07 
 2.00025688e-06  2.00234504e-01 -4.88319168e-08 
 2.00030655e-06  2.00280587e-01  9.75632174e-08 
 2.00037306e-06  2.00344354e-01  2.83005557e-07 
 2.00048227e-06  2.00449865e-01  6.46277474e-07 
 2.00067185e-06  2.00625141e-01  1.25723565e-06 
 2.00083593e-06  2.00763490e-01  1.81606389e-06 
 2.00100000e-06  2.00887318e-01  2.33919522e-06 
 2.00100006e-06  2.00887360e-01 -2.89242606e-06 
 2.00100018e-06  2.00887443e-01 -2.87184355e-06 
 2.00100041e-06  2.00887608e-01 -3.16354762e-06 
 2.00100084e-06  2.00887911e-01 -4.14954072e-06 
 2.00100170e-06  2.00888512e-01 -5.73423641e-06 
 2.00100343e-06  2.00889687e-01 -8.44772795e-06 
 2.00100513e-06  2.00890815e-01 -1.01042486e-05 
 2.00100830e-06  2.00892814e-01 -1.20069434e-05 
 2.00101255e-06  2.00895298e-01 -1.27602895e-05 
 2.00101821e-06  2.00898261e-01 -1.29609636e-05 
 2.00102529e-06  2.00901492e-01 -1.26065907e-05 
 2.00103201e-06  2.00904132e-01 -1.24093707e-05 
 2.00103980e-06  2.00906768e-01 -1.20139331e-05 
 2.00104739e-06  2.00908967e-01 -1.18452197e-05 
 2.00105633e-06  2.00911168e-01 -1.14870911e-05 
 2.00106519e-06  2.00912982e-01 -1.13610853e-05 
 2.00107570e-06  2.00914716e-01 -1.10501541e-05 
 2.00108626e-06  2.00916040e-01 -1.09677538e-05 
 2.00109892e-06  2.00917109e-01 -1.07026296e-05 
 2.00111188e-06  2.00917642e-01 -1.06600130e-05 
 2.00112773e-06  2.00917545e-01 -1.04350813e-05 
 2.00114434e-06  2.00916592e-01 -1.04262508e-05 
 2.00116527e-06  2.00914204e-01 -1.02343328e-05 
 2.00118793e-06  2.00910224e-01 -1.02527542e-05 
 2.00121796e-06  2.00902939e-01 -1.00870256e-05 
 2.00125217e-06  2.00892223e-01 -1.01274664e-05 
 2.00130181e-06  2.00873045e-01 -9.98387461e-06 
 2.00136379e-06  2.00844698e-01 -1.00455913e-05 
 2.00147304e-06  2.00787987e-01 -9.92911547e-06 
 2.00163865e-06  2.00695719e-01 -1.00269620e-05 
 2.00194402e-06  2.00528962e-01 -9.96804141e-06 
 2.00228156e-06  2.00362385e-01 -1.01102497e-05 
 2.00290251e-06  2.00112278e-01 -1.01017387e-05 
 2.00398955e-06  1.99839255e-01 -1.03420764e-05 
 2.00616362e-06  1.99841656e-01 -1.05201359e-05 
 2.00922758e-06  2.00841422e-01 -1.09569446e-05 
 2.01260327e-06  2.02930169e-01 -1.11855891e-05 
 2.01689381e-06  2.06567016e-01 -1.16186462e-05 
 2.02217478e-06  2.11983342e-01 -1.18463194e-05 
 2.02840134e-06  2.19137642e-01 -1.22151694e-05 
 2.03505406e-06  2.27281786e-01 -1.23196271e-05 
 2.04248165e-06  2.36681874e-01 -1.25572854e-05 
 2.05017577e-06  2.46582853e-01 -1.25524654e-05 
 2.05841542e-06  2.57262283e-01 -1.27022142e-05 
 2.06716522e-06  2.68629995e-01 -1.26385038e-05 
 2.07691279e-06  2.81293122e-01 -1.27489654e-05 
 2.08772702e-06  2.95324868e-01 -1.26603186e-05 
 2.10017605e-06  3.11450637e-01 -1.27551669e-05 
 2.11453660e-06  3.30019463e-01 -1.26578416e-05 
 2.13182553e-06  3.52335861e-01 -1.27484678e-05 
 2.15300722e-06  3.79629623e-01 -1.26495110e-05 
 2.17800722e-06  4.11786246e-01 -1.27397442e-05 
 2.20300722e-06  4.43886120e-01 -1.26411685e-05 
 2.22800722e-06  4.75931253e-01 -1.27318742e-05 
 2.25300722e-06  5.07922387e-01 -1.26333429e-05 
 2.27800722e-06  5.39860048e-01 -1.27239253e-05 
 2.30300722e-06  5.71745178e-01 -1.26251860e-05 
 2.32800722e-06  6.03579487e-01 -1.27154509e-05 
 2.35300722e-06  6.35365962e-01 -1.26162045e-05 
 2.37800722e-06  6.67108528e-01 -1.27056351e-05 
 2.40300722e-06  6.98808712e-01 -1.26050588e-05 
 2.42800722e-06  7.30452855e-01 -1.26924644e-05 
 2.44902157e-06  7.56961486e-01 -1.25906404e-05 
 2.46702960e-06  7.79506796e-01 -1.26782180e-05 
 2.48521508e-06  8.01851173e-01 -1.25765120e-05 
 2.50466033e-06  8.24550693e-01 -1.26660633e-05 
 2.52136879e-06  8.41930132e-01 -1.25732730e-05 
 2.53070894e-06  8.50199888e-01 -1.26730546e-05 
 2.53930497e-06  8.56483570e-01 -1.25865418e-05 
 2.54912353e-06  8.61838795e-01 -1.26939345e-05 
 2.56044027e-06  8.65593464e-01 -1.26168225e-05 
 2.57230983e-06  8.67288623e-01 -1.27294824e-05 
 2.58916191e-06  8.67834935e-01 -1.26540590e-05 
 2.60036216e-06  8.68039984e-01 -1.27557885e-05 
 2.61105003e-06  8.68693019e-01 -1.26641800e-05 
 2.62351933e-06  8.70075700e-01 -1.27590355e-05 
 2.63728834e-06  8.72129948e-01 -1.26627963e-05 
 2.65748623e-06  8.75368537e-01 -1.27548266e-05 
 2.67845498e-06  8.78323816e-01 -1.26593790e-05 
 2.70162735e-06  8.80815868e-01 -1.27548667e-05 
 2.72431334e-06  8.82722047e-01 -1.26614925e-05 
 2.74931334e-06  8.84608129e-01 -1.27567012e-05 
 2.77431334e-06  8.86403573e-01 -1.26621474e-05 
 2.79931334e-06  8.88042313e-01 -1.27567194e-05 
 2.82431334e-06  8.89458341e-01 -1.26622981e-05 
 2.84931334e-06  8.90671383e-01 -1.27571172e-05 
 2.87431334e-06  8.91737252e-01 -1.26627028e-05 
 2.89931334e-06  8.92690313e-01 -1.27573846e-05 
 2.92431334e-06  8.93538607e-01 -1.26628725e-05 
 2.94931334e-06  8.94285383e-01 -1.27575367e-05 
 2.97431334e-06  8.94940878e-01 -1.26630311e-05 
 2.99931334e-06  8.95518853e-01 -1.27576832e-05 
 3.02431334e-06  8.96030441e-01 -1.26631516e-05 
 3.04931334e-06  8.96483070e-01 -1.27577813e-05 
 3.07431334e-06  8.96882680e-01 -1.26632374e-05 
 3.09931334e-06  8.97235224e-01 -1.27578589e-05 
 3.12431334e-06  8.97546510e-01 -1.26633064e-05 
 3.14931334e-06  8.97821594e-01 -1.27579187e-05 
 3.17431334e-06  8.98064687e-01 -1.26633582e-05 
 3.19931334e-06  8.98279422e-01 -1.27579639e-05 
 3.22431334e-06  8.98469077e-01 -1.26633984e-05 
 3.24931334e-06  8.98636609e-01 -1.27579992e-05 
 3.27431334e-06  8.98784628e-01 -1.26634295e-05 
 3.29931334e-06  8.98915407e-01 -1.27580264e-05 
 3.32431334e-06  8.99030948e-01 -1.26634535e-05 
 3.34931334e-06  8.99133022e-01 -1.27580475e-05 
 3.37431334e-06  8.99223203e-01 -1.26634722e-05 
 3.39931334e-06  8.99302879e-01 -1.27580639e-05 
 3.42431334e-06  8.99373277e-01 -1.26634867e-05 
 3.44931334e-06  8.99435474e-01 -1.27580766e-05 
 3.47431334e-06  8.99490427e-01 -1.26634980e-05 
 3.49931334e-06  8.99538980e-01 -1.27580864e-05 
 3.52431334e-06  8.99581878e-01 -1.26635068e-05 
 3.54931334e-06  8.99619781e-01 -1.27580941e-05 
 3.57431334e-06  8.99653270e-01 -1.26635136e-05 
 3.59931334e-06  8.99682859e-01 -1.27581001e-05 
 3.62431334e-06  8.99709003e-01 -1.26635190e-05 
 3.64931334e-06  8.99732102e-01 -1.27581047e-05 
 3.67431334e-06  8.99752513e-01 -1.26635232e-05 
 3.69931334e-06  8.99770545e-01 -1.27581083e-05 
 3.72431334e-06  8.99786479e-01 -1.26635265e-05 
 3.74931334e-06  8.99800557e-01 -1.27581112e-05 
 3.77431334e-06  8.99812997e-01 -1.26635290e-05 
 3.79931334e-06  8.99823987e-01 -1.27581133e-05 
 3.82431334e-06  8.99833699e-01 -1.26635310e-05 
 3.84931334e-06  8.99842279e-01 -1.27581150e-05 
 3.87431334e-06  8.99849861e-01 -1.26635326e-05 
 3.89931334e-06  8.99856559e-01 -1.27581163e-05 
 3.92431334e-06  8.99862478e-01 -1.26635339e-05 
 3.94931334e-06  8.99867707e-01 -1.27581174e-05 
 3.97431334e-06  8.99872329e-01 -1.26635348e-05 
 3.99931334e-06  8.99876411e-01 -1.27581181e-05 
 4.02431334e-06  8.99880019e-01 -1.26635356e-05 
 4.04931334e-06  8.99883206e-01 -1.27581188e-05 
 4.07431334e-06  8.99886023e-01 -1.26635362e-05 
 4.09931334e-06  8.99888511e-01 -1.27581192e-05 
 4.12431334e-06  8.99890710e-01 -1.26635367e-05 
 4.14931334e-06  8.99892652e-01 -1.27581196e-05 
 4.17431334e-06  8.99894369e-01 -1.26635371e-05 
 4.19931334e-06  8.99895886e-01 -1.27581198e-05 
 4.22431334e-06  8.99897226e-01 -1.26635374e-05 
 4.24931334e-06  8.99898410e-01 -1.27581200e-05 
 4.27431334e-06  8.99899456e-01 -1.26635376e-05 
 4.29931334e-06  8.99900381e-01 -1.27581202e-05 
 4.32431334e-06  8.99901198e-01 -1.26635378e-05 
 4.34931334e-06  8.99901919e-01 -1.27581203e-05 
 4.37431334e-06  8.99902557e-01 -1.26635380e-05 
 4.39931334e-06  8.99903120e-01 -1.27581204e-05 
 4.42431334e-06  8.99903618e-01 -1.26635381e-05 
 4.44931334e-06  8.99904058e-01 -1.27581204e-05 
 4.47431334e-06  8.99904447e-01 -1.26635383e-05 
 4.49931334e-06  8.99904790e-01 -1.27581205e-05 
 4.52431334e-06  8.99905094e-01 -1.26635384e-05 
 4.54931334e-06  8.99905362e-01 -1.27581205e-05 
 4.57431334e-06  8.99905599e-01 -1.26635384e-05 
 4.59931334e-06  8.99905808e-01 -1.27581205e-05 
 4.62431334e-06  8.99905993e-01 -1.26635385e-05 
 4.64931334e-06  8.99906156e-01 -1.27581205e-05 
 4.67431334e-06  8.99906301e-01 -1.26635386e-05 
 4.69931334e-06  8.99906428e-01 -1.27581205e-05 
 4.72431334e-06  8.99906541e-01 -1.26635386e-05 
 4.74931334e-06  8.99906640e-01 -1.27581205e-05 
 4.77431334e-06  8.99906729e-01 -1.26635387e-05 
 4.79931334e-06  8.99906806e-01 -1.27581205e-05 
 4.82431334e-06  8.99906875e-01 -1.26635387e-05 
 4.84931334e-06  8.99906936e-01 -1.27581204e-05 
 4.87431334e-06  8.99906989e-01 -1.26635388e-05 
 4.89931334e-06  8.99907037e-01 -1.27581204e-05 
 4.92431334e-06  8.99907079e-01 -1.26635388e-05 
 4.94931334e-06  8.99907116e-01 -1.27581204e-05 
 4.97431334e-06  8.99907148e-01 -1.26635388e-05 
 4.99931334e-06  8.99907177e-01 -1.27581204e-05 
 5.02431334e-06  8.99907203e-01 -1.26635389e-05 
 5.04931334e-06  8.99907225e-01 -1.27581203e-05 
 5.07431334e-06  8.99907245e-01 -1.26635389e-05 
 5.09931334e-06  8.99907263e-01 -1.27581203e-05 
 5.12431334e-06  8.99907278e-01 -1.26635389e-05 
 5.14931334e-06  8.99907292e-01 -1.27581203e-05 
 5.17431334e-06  8.99907304e-01 -1.26635390e-05 
 5.19931334e-06  8.99907315e-01 -1.27581203e-05 
 5.22431334e-06  8.99907324e-01 -1.26635390e-05 
 5.24931334e-06  8.99907333e-01 -1.27581202e-05 
 5.27431334e-06  8.99907340e-01 -1.26635390e-05 
 5.29931334e-06  8.99907347e-01 -1.27581202e-05 
 5.32431334e-06  8.99907353e-01 -1.26635391e-05 
 5.34931334e-06  8.99907358e-01 -1.27581202e-05 
 5.37431334e-06  8.99907362e-01 -1.26635391e-05 
 5.39931334e-06  8.99907366e-01 -1.27581201e-05 
 5.42431334e-06  8.99907370e-01 -1.26635391e-05 
 5.44931334e-06  8.99907373e-01 -1.27581201e-05 
 5.47431334e-06  8.99907376e-01 -1.26635392e-05 
 5.49931334e-06  8.99907378e-01 -1.27581201e-05 
 5.52431334e-06  8.99907380e-01 -1.26635392e-05 
 5.54931334e-06  8.99907382e-01 -1.27581201e-05 
 5.57431334e-06  8.99907384e-01 -1.26635392e-05 
 5.59931334e-06  8.99907385e-01 -1.27581200e-05 
 5.62431334e-06  8.99907386e-01 -1.26635393e-05 
 5.64931334e-06  8.99907388e-01 -1.27581200e-05 
 5.67431334e-06  8.99907389e-01 -1.26635393e-05 
 5.69931334e-06  8.99907390e-01 -1.27581200e-05 
 5.72431334e-06  8.99907390e-01 -1.26635393e-05 
 5.74931334e-06  8.99907391e-01 -1.27581199e-05 
 5.77431334e-06  8.99907392e-01 -1.26635393e-05 
 5.79931334e-06  8.99907392e-01 -1.27581199e-05 
 5.82431334e-06  8.99907393e-01 -1.26635394e-05 
 5.84931334e-06  8.99907393e-01 -1.27581199e-05 
 5.87431334e-06  8.99907394e-01 -1.26635394e-05 
 5.89931334e-06  8.99907394e-01 -1.27581199e-05 
 5.92431334e-06  8.99907394e-01 -1.26635394e-05 
 5.94931334e-06  8.99907394e-01 -1.27581198e-05 
 5.97431334e-06  8.99907395e-01 -1.26635395e-05 
 5.99931334e-06  8.99907395e-01 -1.27581198e-05 
 6.02431334e-06  8.99907395e-01 -1.26635395e-05 
 6.04931334e-06  8.99907395e-01 -1.27581198e-05 
 6.07431334e-06  8.99907395e-01 -1.26635395e-05 
 6.09931334e-06  8.99907395e-01 -1.27581197e-05 
 6.12431334e-06  8.99907396e-01 -1.26635395e-05 
 6.14931334e-06  8.99907396e-01 -1.27581197e-05 
 6.17431334e-06  8.99907396e-01 -1.26635396e-05 
 6.19931334e-06  8.99907396e-01 -1.27581197e-05 
 6.22431334e-06  8.99907396e-01 -1.26635396e-05 
 6.24931334e-06  8.99907396e-01 -1.27581197e-05 
 6.27431334e-06  8.99907396e-01 -1.26635396e-05 
 6.29931334e-06  8.99907396e-01 -1.27581196e-05 
 6.32431334e-06  8.99907396e-01 -1.26635397e-05 
 6.34931334e-06  8.99907396e-01 -1.27581196e-05 
 6.37431334e-06  8.99907396e-01 -1.26635397e-05 
 6.39931334e-06  8.99907396e-01 -1.27581196e-05 
 6.42431334e-06  8.99907396e-01 -1.26635397e-05 
 6.44931334e-06  8.99907396e-01 -1.27581196e-05 
 6.47431334e-06  8.99907396e-01 -1.26635397e-05 
 6.49931334e-06  8.99907396e-01 -1.27581195e-05 
 6.52431334e-06  8.99907396e-01 -1.26635398e-05 
 6.54931334e-06  8.99907396e-01 -1.27581195e-05 
 6.57431334e-06  8.99907396e-01 -1.26635398e-05 
 6.59931334e-06  8.99907396e-01 -1.27581195e-05 
 6.62431334e-06  8.99907396e-01 -1.26635398e-05 
 6.64931334e-06  8.99907396e-01 -1.27581194e-05 
 6.67431334e-06  8.99907396e-01 -1.26635398e-05 
 6.69931334e-06  8.99907396e-01 -1.27581194e-05 
 6.72431334e-06  8.99907396e-01 -1.26635399e-05 
 6.74931334e-06  8.99907396e-01 -1.27581194e-05 
 6.77431334e-06  8.99907396e-01 -1.26635399e-05 
 6.79931334e-06  8.99907396e-01 -1.27581194e-05 
 6.82431334e-06  8.99907396e-01 -1.26635399e-05 
 6.84931334e-06  8.99907396e-01 -1.27581193e-05 
 6.87431334e-06  8.99907396e-01 -1.26635399e-05 
 6.89931334e-06  8.99907396e-01 -1.27581193e-05 
 6.92431334e-06  8.99907396e-01 -1.26635400e-05 
 6.94931334e-06  8.99907396e-01 -1.27581193e-05 
 6.97431334e-06  8.99907396e-01 -1.26635400e-05 
 6.99931334e-06  8.99907396e-01 -1.27581193e-05 
 7.02431334e-06  8.99907396e-01 -1.26635400e-05 
 7.04931334e-06  8.99907396e-01 -1.27581192e-05 
 7.07431334e-06  8.99907396e-01 -1.26635401e-05 
 7.09931334e-06  8.99907396e-01 -1.27581192e-05 
 7.12431334e-06  8.99907396e-01 -1.26635401e-05 
 7.14931334e-06  8.99907396e-01 -1.27581192e-05 
 7.17431334e-06  8.99907396e-01 -1.26635401e-05 
 7.19931334e-06  8.99907396e-01 -1.27581192e-05 
 7.22431334e-06  8.99907396e-01 -1.26635401e-05 
 7.24931334e-06  8.99907396e-01 -1.27581191e-05 
 7.27431334e-06  8.99907396e-01 -1.26635402e-05 
 7.29931334e-06  8.99907396e-01 -1.27581191e-05 
 7.32431334e-06  8.99907396e-01 -1.26635402e-05 
 7.34931334e-06  8.99907396e-01 -1.27581191e-05 
 7.37431334e-06  8.99907396e-01 -1.26635402e-05 
 7.39931334e-06  8.99907396e-01 -1.27581190e-05 
 7.42431334e-06  8.99907396e-01 -1.26635402e-05 
 7.44931334e-06  8.99907396e-01 -1.27581190e-05 
 7.47431334e-06  8.99907396e-01 -1.26635403e-05 
 7.49931334e-06  8.99907396e-01 -1.27581190e-05 
 7.52431334e-06  8.99907396e-01 -1.26635403e-05 
 7.54931334e-06  8.99907396e-01 -1.27581190e-05 
 7.57431334e-06  8.99907396e-01 -1.26635403e-05 
 7.59931334e-06  8.99907396e-01 -1.27581189e-05 
 7.62431334e-06  8.99907396e-01 -1.26635403e-05 
 7.64931334e-06  8.99907396e-01 -1.27581189e-05 
 7.67431334e-06  8.99907396e-01 -1.26635404e-05 
 7.69931334e-06  8.99907396e-01 -1.27581189e-05 
 7.72431334e-06  8.99907396e-01 -1.26635404e-05 
 7.74931334e-06  8.99907396e-01 -1.27581189e-05 
 7.77431334e-06  8.99907396e-01 -1.26635404e-05 
 7.79931334e-06  8.99907396e-01 -1.27581188e-05 
 7.82431334e-06  8.99907396e-01 -1.26635405e-05 
 7.84931334e-06  8.99907396e-01 -1.27581188e-05 
 7.87431334e-06  8.99907396e-01 -1.26635405e-05 
 7.89931334e-06  8.99907396e-01 -1.27581188e-05 
 7.92431334e-06  8.99907396e-01 -1.26635405e-05 
 7.94931334e-06  8.99907396e-01 -1.27581188e-05 
 7.97431334e-06  8.99907396e-01 -1.26635405e-05 
 7.99931334e-06  8.99907396e-01 -1.27581187e-05 
 8.02431334e-06  8.99907396e-01 -1.26635406e-05 
 8.04931334e-06  8.99907396e-01 -1.27581187e-05 
 8.07431334e-06  8.99907396e-01 -1.26635406e-05 
 8.09931334e-06  8.99907396e-01 -1.27581187e-05 
 8.12431334e-06  8.99907396e-01 -1.26635406e-05 
 8.14931334e-06  8.99907396e-01 -1.27581187e-05 
 8.17431334e-06  8.99907396e-01 -1.26635406e-05 
 8.19931334e-06  8.99907396e-01 -1.27581186e-05 
 8.22431334e-06  8.99907396e-01 -1.26635407e-05 
 8.24931334e-06  8.99907396e-01 -1.27581186e-05 
 8.27431334e-06  8.99907396e-01 -1.26635407e-05 
 8.29931334e-06  8.99907396e-01 -1.27581186e-05 
 8.32431334e-06  8.99907396e-01 -1.26635407e-05 
 8.34931334e-06  8.99907396e-01 -1.27581185e-05 
 8.37431334e-06  8.99907396e-01 -1.26635407e-05 
 8.39931334e-06  8.99907396e-01 -1.27581185e-05 
 8.42431334e-06  8.99907396e-01 -1.26635408e-05 
 8.44931334e-06  8.99907396e-01 -1.27581185e-05 
 8.47431334e-06  8.99907396e-01 -1.26635408e-05 
 8.49931334e-06  8.99907396e-01 -1.27581185e-05 
 8.52431334e-06  8.99907396e-01 -1.26635408e-05 
 8.54931334e-06  8.99907396e-01 -1.27581184e-05 
 8.57431334e-06  8.99907396e-01 -1.26635408e-05 
 8.59931334e-06  8.99907396e-01 -1.27581184e-05 
 8.62431334e-06  8.99907396e-01 -1.26635409e-05 
 8.64931334e-06  8.99907396e-01 -1.27581184e-05 
 8.67431334e-06  8.99907396e-01 -1.26635409e-05 
 8.69931334e-06  8.99907396e-01 -1.27581184e-05 
 8.72431334e-06  8.99907396e-01 -1.26635409e-05 
 8.74931334e-06  8.99907396e-01 -1.27581183e-05 
 8.77431334e-06  8.99907396e-01 -1.26635409e-05 
 8.79931334e-06  8.99907396e-01 -1.27581183e-05 
 8.82431334e-06  8.99907396e-01 -1.26635410e-05 
 8.84931334e-06  8.99907396e-01 -1.27581183e-05 
 8.87431334e-06  8.99907396e-01 -1.26635410e-05 
 8.89931334e-06  8.99907396e-01 -1.27581183e-05 
 8.92431334e-06  8.99907396e-01 -1.26635410e-05 
 8.94931334e-06  8.99907396e-01 -1.27581182e-05 
 8.97431334e-06  8.99907396e-01 -1.26635410e-05 
 8.99931334e-06  8.99907396e-01 -1.27581182e-05 
 9.02431334e-06  8.99907396e-01 -1.26635411e-05 
 9.04931334e-06  8.99907396e-01 -1.27581182e-05 
 9.07431334e-06  8.99907396e-01 -1.26635411e-05 
 9.09931334e-06  8.99907396e-01 -1.27581182e-05 
 9.12431334e-06  8.99907396e-01 -1.26635411e-05 
 9.14931334e-06  8.99907396e-01 -1.27581181e-05 
 9.17431334e-06  8.99907396e-01 -1.26635412e-05 
 9.19931334e-06  8.99907396e-01 -1.27581181e-05 
 9.22431334e-06  8.99907396e-01 -1.26635412e-05 
 9.24931334e-06  8.99907396e-01 -1.27581181e-05 
 9.27431334e-06  8.99907396e-01 -1.26635412e-05 
 9.29931334e-06  8.99907396e-01 -1.27581181e-05 
 9.32431334e-06  8.99907396e-01 -1.26635412e-05 
 9.34931334e-06  8.99907396e-01 -1.27581180e-05 
 9.37431334e-06  8.99907396e-01 -1.26635413e-05 
 9.39931334e-06  8.99907396e-01 -1.27581180e-05 
 9.42431334e-06  8.99907396e-01 -1.26635413e-05 
 9.44931334e-06  8.99907396e-01 -1.27581180e-05 
 9.47431334e-06  8.99907396e-01 -1.26635413e-05 
 9.49931334e-06  8.99907396e-01 -1.27581180e-05 
 9.52431334e-06  8.99907396e-01 -1.26635413e-05 
 9.54931334e-06  8.99907396e-01 -1.27581179e-05 
 9.57431334e-06  8.99907396e-01 -1.26635414e-05 
 9.59931334e-06  8.99907396e-01 -1.27581179e-05 
 9.62431334e-06  8.99907396e-01 -1.26635414e-05 
 9.64931334e-06  8.99907396e-01 -1.27581179e-05 
 9.67431334e-06  8.99907396e-01 -1.26635414e-05 
 9.69931334e-06  8.99907396e-01 -1.27581179e-05 
 9.72431334e-06  8.99907396e-01 -1.26635414e-05 
 9.74931334e-06  8.99907396e-01 -1.27581178e-05 
 9.77431334e-06  8.99907396e-01 -1.26635415e-05 
 9.79931334e-06  8.99907396e-01 -1.27581178e-05 
 9.82431334e-06  8.99907396e-01 -1.26635415e-05 
 9.84931334e-06  8.99907396e-01 -1.27581178e-05 
 9.87431334e-06  8.99907396e-01 -1.26635415e-05 
 9.89931334e-06  8.99907396e-01 -1.27581178e-05 
 9.92431334e-06  8.99907396e-01 -1.26635415e-05 
 9.94931334e-06  8.99907396e-01 -1.27581177e-05 
 9.97431334e-06  8.99907396e-01 -1.26635416e-05 
 9.99931334e-06  8.99907396e-01 -1.27581177e-05 
 1.00243133e-05  8.99907396e-01 -1.26635416e-05 
 1.00493133e-05  8.99907396e-01 -1.27581177e-05 
 1.00743133e-05  8.99907396e-01 -1.26635416e-05 
 1.00993133e-05  8.99907396e-01 -1.27581177e-05 
 1.01243133e-05  8.99907396e-01 -1.26635416e-05 
 1.01493133e-05  8.99907396e-01 -1.27581176e-05 
 1.01743133e-05  8.99907396e-01 -1.26635417e-05 
 1.01993133e-05  8.99907396e-01 -1.27581176e-05 
 1.02243133e-05  8.99907396e-01 -1.26635417e-05 
 1.02493133e-05  8.99907396e-01 -1.27581176e-05 
 1.02743133e-05  8.99907396e-01 -1.26635417e-05 
 1.02993133e-05  8.99907396e-01 -1.27581175e-05 
 1.03243133e-05  8.99907396e-01 -1.26635417e-05 
 1.03493133e-05  8.99907396e-01 -1.27581175e-05 
 1.03743133e-05  8.99907396e-01 -1.26635418e-05 
 1.03993133e-05  8.99907396e-01 -1.27581175e-05 
 1.04243133e-05  8.99907396e-01 -1.26635418e-05 
 1.04493133e-05  8.99907396e-01 -1.27581175e-05 
 1.04743133e-05  8.99907396e-01 -1.26635418e-05 
 1.04993133e-05  8.99907396e-01 -1.27581174e-05 
 1.05243133e-05  8.99907396e-01 -1.26635418e-05 
 1.05493133e-05  8.99907396e-01 -1.27581174e-05 
 1.05743133e-05  8.99907396e-01 -1.26635419e-05 
 1.05993133e-05  8.99907396e-01 -1.27581174e-05 
 1.06243133e-05  8.99907396e-01 -1.26635419e-05 
 1.06493133e-05  8.99907396e-01 -1.27581174e-05 
 1.06743133e-05  8.99907396e-01 -1.26635419e-05 
 1.06993133e-05  8.99907396e-01 -1.27581173e-05 
 1.07243133e-05  8.99907396e-01 -1.26635419e-05 
 1.07493133e-05  8.99907396e-01 -1.27581173e-05 
 1.07743133e-05  8.99907396e-01 -1.26635420e-05 
 1.07993133e-05  8.99907396e-01 -1.27581173e-05 
 1.08243133e-05  8.99907396e-01 -1.26635420e-05 
 1.08493133e-05  8.99907396e-01 -1.27581173e-05 
 1.08743133e-05  8.99907396e-01 -1.26635420e-05 
 1.08993133e-05  8.99907396e-01 -1.27581172e-05 
 1.09243133e-05  8.99907396e-01 -1.26635420e-05 
 1.09493133e-05  8.99907396e-01 -1.27581172e-05 
 1.09743133e-05  8.99907396e-01 -1.26635421e-05 
 1.09993133e-05  8.99907396e-01 -1.27581172e-05 
 1.10243133e-05  8.99907396e-01 -1.26635421e-05 
 1.10493133e-05  8.99907396e-01 -1.27581172e-05 
 1.10743133e-05  8.99907396e-01 -1.26635421e-05 
 1.10993133e-05  8.99907396e-01 -1.27581171e-05 
 1.11243133e-05  8.99907396e-01 -1.26635421e-05 
 1.11493133e-05  8.99907396e-01 -1.27581171e-05 
 1.11743133e-05  8.99907396e-01 -1.26635422e-05 
 1.11993133e-05  8.99907396e-01 -1.27581171e-05 
 1.12243133e-05  8.99907396e-01 -1.26635422e-05 
 1.12493133e-05  8.99907396e-01 -1.27581171e-05 
 1.12743133e-05  8.99907396e-01 -1.26635422e-05 
 1.12993133e-05  8.99907396e-01 -1.27581170e-05 
 1.13243133e-05  8.99907396e-01 -1.26635422e-05 
 1.13493133e-05  8.99907396e-01 -1.27581170e-05 
 1.13743133e-05  8.99907396e-01 -1.26635423e-05 
 1.13993133e-05  8.99907396e-01 -1.27581170e-05 
 1.14243133e-05  8.99907396e-01 -1.26635423e-05 
 1.14493133e-05  8.99907396e-01 -1.27581170e-05 
 1.14743133e-05  8.99907396e-01 -1.26635423e-05 
 1.14993133e-05  8.99907396e-01 -1.27581169e-05 
 1.15243133e-05  8.99907396e-01 -1.26635423e-05 
 1.15493133e-05  8.99907396e-01 -1.27581169e-05 
 1.15743133e-05  8.99907396e-01 -1.26635424e-05 
 1.15993133e-05  8.99907396e-01 -1.27581169e-05 
 1.16243133e-05  8.99907396e-01 -1.26635424e-05 
 1.16493133e-05  8.99907396e-01 -1.27581169e-05 
 1.16743133e-05  8.99907396e-01 -1.26635424e-05 
 1.16993133e-05  8.99907396e-01 -1.27581168e-05 
 1.17243133e-05  8.99907396e-01 -1.26635424e-05 
 1.17493133e-05  8.99907396e-01 -1.27581168e-05 
 1.17743133e-05  8.99907396e-01 -1.26635425e-05 
 1.17993133e-05  8.99907396e-01 -1.27581168e-05 
 1.18243133e-05  8.99907396e-01 -1.26635425e-05 
 1.18493133e-05  8.99907396e-01 -1.27581168e-05 
 1.18743133e-05  8.99907396e-01 -1.26635425e-05 
 1.18993133e-05  8.99907396e-01 -1.27581167e-05 
 1.19243133e-05  8.99907396e-01 -1.26635425e-05 
 1.19493133e-05  8.99907396e-01 -1.27581167e-05 
 1.19743133e-05  8.99907396e-01 -1.26635426e-05 
 1.19871567e-05  8.99907396e-01 -1.27581167e-05 
 1.20000000e-05  8.99907396e-01 -1.26635426e-05 
 1.20000025e-05  8.99907328e-01 -2.12789746e-05 
 1.20000076e-05  8.99907050e-01 -2.63694024e-05 
 1.20000105e-05  8.99906760e-01 -2.74420162e-05 
 1.20000149e-05  8.99906136e-01 -2.78719169e-05 
 1.20000204e-05  8.99905103e-01 -2.78775353e-05 
 1.20000258e-05  8.99903808e-01 -2.76689065e-05 
 1.20000325e-05  8.99901941e-01 -2.74501300e-05 
 1.20000399e-05  8.99899530e-01 -2.71643027e-05 
 1.20000481e-05  8.99896499e-01 -2.69453561e-05 
 1.20000565e-05  8.99893099e-01 -2.67072290e-05 
 1.20000660e-05  8.99888884e-01 -2.65390205e-05 
 1.20000759e-05  8.99884155e-01 -2.63534120e-05 
 1.20000872e-05  8.99878264e-01 -2.62382781e-05 
 1.20000991e-05  8.99871574e-01 -2.61079260e-05 
 1.20001130e-05  8.99863151e-01 -2.60495826e-05 
 1.20001279e-05  8.99853338e-01 -2.59781475e-05 
 1.20001457e-05  8.99840738e-01 -2.59824548e-05 
 1.20001655e-05  8.99825549e-01 -2.59793304e-05 
 1.20001897e-05  8.99805469e-01 -2.60629115e-05 
 1.20002182e-05  8.99780174e-01 -2.61553328e-05 
 1.20002550e-05  8.99745225e-01 -2.63664678e-05 
 1.20003018e-05  8.99698436e-01 -2.66373284e-05 
 1.20003695e-05  8.99629068e-01 -2.71384644e-05 
 1.20004709e-05  8.99527838e-01 -2.79155189e-05 
 1.20005750e-05  8.99432619e-01 -2.87957574e-05 
 1.20007011e-05  8.99330178e-01 -2.98445049e-05 
 1.20008506e-05  8.99214286e-01 -3.11038501e-05 
 1.20010000e-05  8.99072750e-01 -3.22707126e-05 
 1.20010001e-05  8.99072688e-01 -2.70389104e-05 
 1.20010002e-05  8.99072564e-01 -2.70633542e-05 
 1.20010004e-05  8.99072317e-01 -2.68151995e-05 
 1.20010008e-05  8.99071862e-01 -2.59239399e-05 
 1.20010016e-05  8.99070956e-01 -2.46038876e-05 
 1.20010033e-05  8.99069160e-01 -2.22703669e-05 
 1.20010050e-05  8.99067356e-01 -2.07023338e-05 
 1.20010080e-05  8.99064133e-01 -1.87104738e-05 
 1.20010121e-05  8.99059972e-01 -1.76895711e-05 
 1.20010178e-05  8.99054319e-01 -1.71907050e-05 
 1.20010249e-05  8.99047695e-01 -1.74014012e-05 
 1.20010316e-05  8.99041510e-01 -1.75345453e-05 
 1.20010393e-05  8.99034652e-01 -1.78896920e-05 
 1.20010469e-05  8.99027984e-01 -1.80149805e-05 
 1.20010558e-05  8.99020327e-01 -1.83356221e-05 
 1.20010646e-05  8.99012701e-01 -1.84170388e-05 
 1.20010750e-05  8.99003775e-01 -1.86879207e-05 
 1.20010856e-05  8.98994691e-01 -1.87267281e-05 
 1.20010981e-05  8.98983788e-01 -1.89504114e-05 
 1.20011110e-05  8.98972377e-01 -1.89472907e-05 
 1.20011267e-05  8.98958162e-01 -1.91264446e-05 
 1.20011432e-05  8.98942651e-01 -1.90830930e-05 
 1.20011639e-05  8.98922130e-01 -1.92187429e-05 
 1.20011863e-05  8.98898162e-01 -1.91338101e-05 
 1.20012159e-05  8.98863087e-01 -1.92201848e-05 
 1.20012496e-05  8.98817305e-01 -1.90818815e-05 
 1.20012983e-05  8.98738007e-01 -1.90924630e-05 
 1.20013589e-05  8.98614148e-01 -1.88585594e-05 
 1.20014651e-05  8.98322810e-01 -1.86983398e-05 
 1.20016253e-05  8.97698814e-01 -1.82257864e-05 
 1.20018071e-05  8.96736685e-01 -1.79631062e-05 
 1.20020150e-05  8.95350488e-01 -1.75404209e-05 
 1.20022456e-05  8.93517740e-01 -1.73625930e-05 
 1.20025169e-05  8.91045857e-01 -1.70176664e-05 
 1.20028276e-05  8.87889377e-01 -1.69004206e-05 
 1.20031969e-05  8.83798245e-01 -1.66053240e-05 
 1.20036222e-05  8.78755061e-01 -1.65257504e-05 
 1.20041282e-05  8.72434639e-01 -1.62579424e-05 
 1.20047183e-05  8.64784623e-01 -1.61929706e-05 
 1.20054265e-05  8.55387224e-01 -1.59291480e-05 
 1.20062642e-05  8.44173168e-01 -1.58576108e-05 
 1.20072804e-05  8.30660044e-01 -1.55781960e-05 
 1.20085026e-05  8.14799708e-01 -1.54823811e-05 
 1.20100095e-05  7.96124914e-01 -1.51708707e-05 
 1.20118669e-05  7.74747105e-01 -1.50355419e-05 
 1.20142207e-05  7.50516563e-01 -1.46781710e-05 
 1.20172224e-05  7.24313844e-01 -1.44934797e-05 
 1.20204458e-05  7.01684146e-01 -1.41401443e-05 
 1.20239520e-05  6.82722552e-01 -1.40069961e-05 
 1.20275837e-05  6.68188103e-01 -1.37105522e-05 
 1.20315906e-05  6.56805991e-01 -1.36290540e-05 
 1.20359533e-05  6.48483848e-01 -1.33724737e-05 
 1.20410316e-05  6.42437700e-01 -1.33243122e-05 
 1.20469845e-05  6.38470600e-01 -1.30945634e-05 
 1.20539909e-05  6.36130819e-01 -1.30791302e-05 
 1.20619380e-05  6.34658339e-01 -1.28917986e-05 
 1.20692294e-05  6.33269764e-01 -1.29356580e-05 
 1.20772816e-05  6.30812407e-01 -1.27997254e-05 
 1.20853830e-05  6.26843780e-01 -1.28771159e-05 
 1.20947591e-05  6.20066723e-01 -1.27695189e-05 
 1.21048821e-05  6.10198930e-01 -1.28682485e-05 
 1.21175791e-05  5.94855050e-01 -1.27777463e-05 
 1.21304721e-05  5.77156495e-01 -1.28849891e-05 
 1.21465539e-05  5.54062995e-01 -1.27948397e-05 
 1.21637782e-05  5.29581424e-01 -1.28966221e-05 
 1.21815724e-05  5.05189090e-01 -1.27987500e-05 
 1.22010149e-05  4.79397989e-01 -1.28958695e-05 
 1.22224308e-05  4.51526256e-01 -1.27965474e-05 
 1.22474308e-05  4.19370518e-01 -1.28929559e-05 
 1.22724308e-05  3.87849828e-01 -1.27907812e-05 
 1.22974308e-05  3.57677293e-01 -1.28804531e-05 
 1.23224308e-05  3.29922958e-01 -1.27684342e-05 
 1.23474308e-05  3.06036437e-01 -1.28501589e-05 
 1.23647745e-05  2.92634399e-01 -1.27431391e-05 
 1.23779753e-05  2.84612307e-01 -1.28381056e-05 
 1.23936808e-05  2.77524405e-01 -1.27401371e-05 
 1.24100291e-05  2.72238623e-01 -1.28408448e-05 
 1.24264758e-05  2.67809335e-01 -1.27459249e-05 
 1.24432053e-05  2.63106256e-01 -1.28474498e-05 
 1.24614394e-05  2.57389654e-01 -1.27527536e-05 
 1.24782172e-05  2.52000500e-01 -1.28531750e-05 
 1.25012401e-05  2.45449974e-01 -1.27561442e-05 
 1.25228615e-05  2.40517606e-01 -1.28537926e-05 
 1.25476410e-05  2.35871450e-01 -1.27548144e-05 
 1.25726410e-05  2.31664840e-01 -1.28527173e-05 
 1.25976410e-05  2.27772463e-01 -1.27547294e-05 
 1.26226410e-05  2.24336474e-01 -1.28528584e-05 
 1.26476410e-05  2.21408720e-01 -1.27544396e-05 
 1.26726410e-05  2.18879024e-01 -1.28522873e-05 
 1.26976410e-05  2.16632089e-01 -1.27539741e-05 
 1.27226410e-05  2.14630326e-01 -1.28520088e-05 
 1.27476410e-05  2.12871454e-01 -1.27537354e-05 
 1.27726410e-05  2.11336372e-01 -1.28517239e-05 
 1.27976410e-05  2.09989394e-01 -1.27534402e-05 
 1.28226410e-05  2.08800234e-01 -1.28514708e-05 
 1.28476410e-05  2.07750898e-01 -1.27532303e-05 
 1.28726410e-05  2.06828148e-01 -1.28512813e-05 
 1.28976410e-05  2.06017592e-01 -1.27530502e-05 
 1.29226410e-05  2.05304512e-01 -1.28511164e-05 
 1.29476410e-05  2.04676425e-01 -1.27529047e-05 
 1.29726410e-05  2.04123388e-01 -1.28509889e-05 
 1.29976410e-05  2.03636830e-01 -1.27527902e-05 
 1.30226410e-05  2.03208827e-01 -1.28508861e-05 
 1.30476410e-05  2.02832199e-01 -1.27526982e-05 
 1.30726410e-05  2.02500705e-01 -1.28508049e-05 
 1.30976410e-05  2.02208977e-01 -1.27526261e-05 
 1.31226410e-05  2.01952292e-01 -1.28507413e-05 
 1.31476410e-05  2.01726448e-01 -1.27525693e-05 
 1.31726410e-05  2.01527724e-01 -1.28506913e-05 
 1.31976410e-05  2.01352860e-01 -1.27525248e-05 
 1.32226410e-05  2.01198996e-01 -1.28506523e-05 
 1.32476410e-05  2.01063619e-01 -1.27524901e-05 
 1.32726410e-05  2.00944507e-01 -1.28506219e-05 
 1.32976410e-05  2.00839706e-01 -1.27524629e-05 
 1.33226410e-05  2.00747496e-01 -1.28505983e-05 
 1.33476410e-05  2.00666367e-01 -1.27524418e-05 
 1.33726410e-05  2.00594987e-01 -1.28505799e-05 
 1.33976410e-05  2.00532186e-01 -1.27524254e-05 
 1.34226410e-05  2.00476931e-01 -1.28505657e-05 
 1.34476410e-05  2.00428318e-01 -1.27524125e-05 
 1.34726410e-05  2.00385548e-01 -1.28505547e-05 
 1.34976410e-05  2.00347919e-01 -1.27524026e-05 
 1.35226410e-05  2.00314812e-01 -1.28505463e-05 
 1.35476410e-05  2.00285685e-01 -1.27523948e-05 
 1.35726410e-05  2.00260059e-01 -1.28505397e-05 
 1.35976410e-05  2.00237513e-01 -1.27523887e-05 
 1.36226410e-05  2.00217678e-01 -1.28505347e-05 
 1.36476410e-05  2.00200227e-01 -1.27523840e-05 
 1.36726410e-05  2.00184874e-01 -1.28505308e-05 
 1.36976410e-05  2.00171367e-01 -1.27523803e-05 
 1.37226410e-05  2.00159483e-01 -1.28505279e-05 
 1.37476410e-05  2.00149028e-01 -1.27523774e-05 
 1.37726410e-05  2.00139829e-01 -1.28505256e-05 
 1.37976410e-05  2.00131737e-01 -1.27523751e-05 
 1.38226410e-05  2.00124617e-01 -1.28505239e-05 
 1.38476410e-05  2.00118354e-01 -1.27523733e-05 
 1.38726410e-05  2.00112843e-01 -1.28505226e-05 
 1.38976410e-05  2.00107995e-01 -1.27523718e-05 
 1.39226410e-05  2.00103730e-01 -1.28505217e-05 
 1.39476410e-05  2.00099977e-01 -1.27523707e-05 
 1.39726410e-05  2.00096676e-01 -1.28505210e-05 
 1.39976410e-05  2.00093771e-01 -1.27523698e-05 
 1.40226410e-05  2.00091216e-01 -1.28505205e-05 
 1.40476410e-05  2.00088968e-01 -1.27523690e-05 
 1.40726410e-05  2.00086990e-01 -1.28505201e-05 
 1.40976410e-05  2.00085250e-01 -1.27523684e-05 
 1.41226410e-05  2.00083719e-01 -1.28505199e-05 
 1.41476410e-05  2.00082372e-01 -1.27523679e-05 
 1.41726410e-05  2.00081187e-01 -1.28505197e-05 
 1.41976410e-05  2.00080145e-01 -1.27523674e-05 
 1.42226410e-05  2.00079228e-01 -1.28505196e-05 
 1.42476410e-05  2.00078421e-01 -1.27523671e-05 
 1.42726410e-05  2.00077711e-01 -1.28505196e-05 
 1.42976410e-05  2.00077087e-01 -1.27523667e-05 
 1.43226410e-05  2.00076537e-01 -1.28505196e-05 
 1.43476410e-05  2.00076054e-01 -1.27523665e-05 
 1.43726410e-05  2.00075629e-01 -1.28505197e-05 
 1.43976410e-05  2.00075255e-01 -1.27523662e-05 
 1.44226410e-05  2.00074925e-01 -1.28505197e-05 
 1.44476410e-05  2.00074636e-01 -1.27523660e-05 
 1.44726410e-05  2.00074381e-01 -1.28505198e-05 
 1.44976410e-05  2.00074157e-01 -1.27523658e-05 
 1.45226410e-05  2.00073960e-01 -1.28505199e-05 
 1.45476410e-05  2.00073786e-01 -1.27523655e-05 
 1.45726410e-05  2.00073633e-01 -1.28505200e-05 
 1.45976410e-05  2.00073499e-01 -1.27523654e-05 
 1.46226410e-05  2.00073381e-01 -1.28505202e-05 
 1.46476410e-05  2.00073277e-01 -1.27523652e-05 
 1.46726410e-05  2.00073186e-01 -1.28505203e-05 
 1.46976410e-05  2.00073105e-01 -1.27523650e-05 
 1.47226410e-05  2.00073034e-01 -1.28505204e-05 
 1.47476410e-05  2.00072972e-01 -1.27523648e-05 
 1.47726410e-05  2.00072917e-01 -1.28505206e-05 
 1.47976410e-05  2.00072869e-01 -1.27523646e-05 
 1.48226410e-05  2.00072827e-01 -1.28505207e-05 
 1.48476410e-05  2.00072790e-01 -1.27523645e-05 
 1.48726410e-05  2.00072757e-01 -1.28505209e-05 
 1.48976410e-05  2.00072728e-01 -1.27523643e-05 
 1.49226410e-05  2.00072702e-01 -1.28505210e-05 
 1.49476410e-05  2.00072680e-01 -1.27523642e-05 
 1.49726410e-05  2.00072660e-01 -1.28505212e-05 
 1.49976410e-05  2.00072643e-01 -1.27523640e-05 
 1.50226410e-05  2.00072628e-01 -1.28505213e-05 
 1.50476410e-05  2.00072615e-01 -1.27523638e-05 
 1.50726410e-05  2.00072603e-01 -1.28505215e-05 
 1.50976410e-05  2.00072592e-01 -1.27523637e-05 
 1.51226410e-05  2.00072583e-01 -1.28505216e-05 
 1.51476410e-05  2.00072575e-01 -1.27523635e-05 
 1.51726410e-05  2.00072568e-01 -1.28505218e-05 
 1.51976410e-05  2.00072562e-01 -1.27523634e-05 
 1.52226410e-05  2.00072557e-01 -1.28505219e-05 
 1.52476410e-05  2.00072552e-01 -1.27523632e-05 
 1.52726410e-05  2.00072548e-01 -1.28505221e-05 
 1.52976410e-05  2.00072544e-01 -1.27523631e-05 
 1.53226410e-05  2.00072541e-01 -1.28505222e-05 
 1.53476410e-05  2.00072538e-01 -1.27523629e-05 
 1.53726410e-05  2.00072535e-01 -1.28505224e-05 
 1.53976410e-05  2.00072533e-01 -1.27523628e-05 
 1.54226410e-05  2.00072531e-01 -1.28505225e-05 
 1.54476410e-05  2.00072529e-01 -1.27523626e-05 
 1.54726410e-05  2.00072528e-01 -1.28505227e-05 
 1.54976410e-05  2.00072526e-01 -1.27523625e-05 
 1.55226410e-05  2.00072525e-01 -1.28505228e-05 
 1.55476410e-05  2.00072524e-01 -1.27523623e-05 
 1.55726410e-05  2.00072523e-01 -1.28505230e-05 
 1.55976410e-05  2.00072522e-01 -1.27523622e-05 
 1.56226410e-05  2.00072522e-01 -1.28505231e-05 
 1.56476410e-05  2.00072521e-01 -1.27523620e-05 
 1.56726410e-05  2.00072521e-01 -1.28505233e-05 
 1.56976410e-05  2.00072520e-01 -1.27523619e-05 
 1.57226410e-05  2.00072520e-01 -1.28505234e-05 
 1.57476410e-05  2.00072519e-01 -1.27523617e-05 
 1.57726410e-05  2.00072519e-01 -1.28505236e-05 
 1.57976410e-05  2.00072519e-01 -1.27523616e-05 
 1.58226410e-05  2.00072518e-01 -1.28505237e-05 
 1.58476410e-05  2.00072518e-01 -1.27523614e-05 
 1.58726410e-05  2.00072518e-01 -1.28505239e-05 
 1.58976410e-05  2.00072518e-01 -1.27523613e-05 
 1.59226410e-05  2.00072518e-01 -1.28505240e-05 
 1.59476410e-05  2.00072518e-01 -1.27523611e-05 
 1.59726410e-05  2.00072517e-01 -1.28505242e-05 
 1.59976410e-05  2.00072517e-01 -1.27523610e-05 
 1.60226410e-05  2.00072517e-01 -1.28505243e-05 
 1.60476410e-05  2.00072517e-01 -1.27523608e-05 
 1.60726410e-05  2.00072517e-01 -1.28505245e-05 
 1.60976410e-05  2.00072517e-01 -1.27523607e-05 
 1.61226410e-05  2.00072517e-01 -1.28505246e-05 
 1.61476410e-05  2.00072517e-01 -1.27523605e-05 
 1.61726410e-05  2.00072517e-01 -1.28505248e-05 
 1.61976410e-05  2.00072517e-01 -1.27523604e-05 
 1.62226410e-05  2.00072517e-01 -1.28505249e-05 
 1.62476410e-05  2.00072517e-01 -1.27523602e-05 
 1.62726410e-05  2.00072517e-01 -1.28505251e-05 
 1.62976410e-05  2.00072517e-01 -1.27523601e-05 
 1.63226410e-05  2.00072517e-01 -1.28505252e-05 
 1.63476410e-05  2.00072517e-01 -1.27523600e-05 
 1.63726410e-05  2.00072517e-01 -1.28505253e-05 
 1.63976410e-05  2.00072517e-01 -1.27523598e-05 
 1.64226410e-05  2.00072517e-01 -1.28505255e-05 
 1.64476410e-05  2.00072517e-01 -1.27523597e-05 
 1.64726410e-05  2.00072517e-01 -1.28505256e-05 
 1.64976410e-05  2.00072517e-01 -1.27523595e-05 
 1.65226410e-05  2.00072517e-01 -1.28505258e-05 
 1.65476410e-05  2.00072517e-01 -1.27523594e-05 
 1.65726410e-05  2.00072517e-01 -1.28505259e-05 
 1.65976410e-05  2.00072517e-01 -1.27523592e-05 
 1.66226410e-05  2.00072517e-01 -1.28505261e-05 
 1.66476410e-05  2.00072517e-01 -1.27523591e-05 
 1.66726410e-05  2.00072517e-01 -1.28505262e-05 
 1.66976410e-05  2.00072517e-01 -1.27523590e-05 
 1.67226410e-05  2.00072517e-01 -1.28505263e-05 
 1.67476410e-05  2.00072517e-01 -1.27523588e-05 
 1.67726410e-05  2.00072517e-01 -1.28505265e-05 
 1.67976410e-05  2.00072517e-01 -1.27523587e-05 
 1.68226410e-05  2.00072517e-01 -1.28505266e-05 
 1.68476410e-05  2.00072517e-01 -1.27523585e-05 
 1.68726410e-05  2.00072517e-01 -1.28505268e-05 
 1.68976410e-05  2.00072517e-01 -1.27523584e-05 
 1.69226410e-05  2.00072517e-01 -1.28505269e-05 
 1.69476410e-05  2.00072517e-01 -1.27523583e-05 
 1.69726410e-05  2.00072517e-01 -1.28505270e-05 
 1.69976410e-05  2.00072517e-01 -1.27523581e-05 
 1.70226410e-05  2.00072517e-01 -1.28505272e-05 
 1.70476410e-05  2.00072517e-01 -1.27523580e-05 
 1.70726410e-05  2.00072517e-01 -1.28505273e-05 
 1.70976410e-05  2.00072517e-01 -1.27523579e-05 
 1.71226410e-05  2.00072517e-01 -1.28505274e-05 
 1.71476410e-05  2.00072517e-01 -1.27523577e-05 
 1.71726410e-05  2.00072517e-01 -1.28505276e-05 
 1.71976410e-05  2.00072517e-01 -1.27523576e-05 
 1.72226410e-05  2.00072517e-01 -1.28505277e-05 
 1.72476410e-05  2.00072517e-01 -1.27523574e-05 
 1.72726410e-05  2.00072517e-01 -1.28505279e-05 
 1.72976410e-05  2.00072517e-01 -1.27523573e-05 
 1.73226410e-05  2.00072517e-01 -1.28505280e-05 
 1.73476410e-05  2.00072517e-01 -1.27523572e-05 
 1.73726410e-05  2.00072517e-01 -1.28505281e-05 
 1.73976410e-05  2.00072517e-01 -1.27523570e-05 
 1.74226410e-05  2.00072517e-01 -1.28505283e-05 
 1.74476410e-05  2.00072517e-01 -1.27523569e-05 
 1.74726410e-05  2.00072517e-01 -1.28505284e-05 
 1.74976410e-05  2.00072517e-01 -1.27523568e-05 
 1.75226410e-05  2.00072517e-01 -1.28505285e-05 
 1.75476410e-05  2.00072517e-01 -1.27523566e-05 
 1.75726410e-05  2.00072517e-01 -1.28505287e-05 
 1.75976410e-05  2.00072517e-01 -1.27523565e-05 
 1.76226410e-05  2.00072517e-01 -1.28505288e-05 
 1.76476410e-05  2.00072517e-01 -1.27523564e-05 
 1.76726410e-05  2.00072517e-01 -1.28505289e-05 
 1.76976410e-05  2.00072517e-01 -1.27523562e-05 
 1.77226410e-05  2.00072517e-01 -1.28505291e-05 
 1.77476410e-05  2.00072517e-01 -1.27523561e-05 
 1.77726410e-05  2.00072517e-01 -1.28505292e-05 
 1.77976410e-05  2.00072517e-01 -1.27523560e-05 
 1.78226410e-05  2.00072517e-01 -1.28505293e-05 
 1.78476410e-05  2.00072517e-01 -1.27523558e-05 
 1.78726410e-05  2.00072517e-01 -1.28505295e-05 
 1.78976410e-05  2.00072517e-01 -1.27523557e-05 
 1.79226410e-05  2.00072517e-01 -1.28505296e-05 
 1.79476410e-05  2.00072517e-01 -1.27523556e-05 
 1.79726410e-05  2.00072517e-01 -1.28505297e-05 
 1.79976410e-05  2.00072517e-01 -1.27523554e-05 
 1.80226410e-05  2.00072517e-01 -1.28505298e-05 
 1.80476410e-05  2.00072517e-01 -1.27523553e-05 
 1.80726410e-05  2.00072517e-01 -1.28505300e-05 
 1.80976410e-05  2.00072517e-01 -1.27523552e-05 
 1.81226410e-05  2.00072517e-01 -1.28505301e-05 
 1.81476410e-05  2.00072517e-01 -1.27523551e-05 
 1.81726410e-05  2.00072517e-01 -1.28505302e-05 
 1.81976410e-05  2.00072517e-01 -1.27523549e-05 
 1.82226410e-05  2.00072517e-01 -1.28505304e-05 
 1.82476410e-05  2.00072517e-01 -1.27523548e-05 
 1.82726410e-05  2.00072517e-01 -1.28505305e-05 
 1.82976410e-05  2.00072517e-01 -1.27523547e-05 
 1.83226410e-05  2.00072517e-01 -1.28505306e-05 
 1.83476410e-05  2.00072517e-01 -1.27523545e-05 
 1.83726410e-05  2.00072517e-01 -1.28505307e-05 
 1.83976410e-05  2.00072517e-01 -1.27523544e-05 
 1.84226410e-05  2.00072517e-01 -1.28505309e-05 
 1.84476410e-05  2.00072517e-01 -1.27523543e-05 
 1.84726410e-05  2.00072517e-01 -1.28505310e-05 
 1.84976410e-05  2.00072517e-01 -1.27523542e-05 
 1.85226410e-05  2.00072517e-01 -1.28505311e-05 
 1.85476410e-05  2.00072517e-01 -1.27523540e-05 
 1.85726410e-05  2.00072517e-01 -1.28505312e-05 
 1.85976410e-05  2.00072517e-01 -1.27523539e-05 
 1.86226410e-05  2.00072517e-01 -1.28505314e-05 
 1.86476410e-05  2.00072517e-01 -1.27523538e-05 
 1.86726410e-05  2.00072517e-01 -1.28505315e-05 
 1.86976410e-05  2.00072517e-01 -1.27523537e-05 
 1.87226410e-05  2.00072517e-01 -1.28505316e-05 
 1.87476410e-05  2.00072517e-01 -1.27523535e-05 
 1.87726410e-05  2.00072517e-01 -1.28505317e-05 
 1.87976410e-05  2.00072517e-01 -1.27523534e-05 
 1.88226410e-05  2.00072517e-01 -1.28505319e-05 
 1.88476410e-05  2.00072517e-01 -1.27523533e-05 
 1.88726410e-05  2.00072517e-01 -1.28505320e-05 
 1.88976410e-05  2.00072517e-01 -1.27523532e-05 
 1.89226410e-05  2.00072517e-01 -1.28505321e-05 
 1.89476410e-05  2.00072517e-01 -1.27523530e-05 
 1.89726410e-05  2.00072517e-01 -1.28505322e-05 
 1.89976410e-05  2.00072517e-01 -1.27523529e-05 
 1.90226410e-05  2.00072517e-01 -1.28505324e-05 
 1.90476410e-05  2.00072517e-01 -1.27523528e-05 
 1.90726410e-05  2.00072517e-01 -1.28505325e-05 
 1.90976410e-05  2.00072517e-01 -1.27523527e-05 
 1.91226410e-05  2.00072517e-01 -1.28505326e-05 
 1.91476410e-05  2.00072517e-01 -1.27523526e-05 
 1.91726410e-05  2.00072517e-01 -1.28505327e-05 
 1.91976410e-05  2.00072517e-01 -1.27523524e-05 
 1.92226410e-05  2.00072517e-01 -1.28505329e-05 
 1.92476410e-05  2.00072517e-01 -1.27523523e-05 
 1.92726410e-05  2.00072517e-01 -1.28505330e-05 
 1.92976410e-05  2.00072517e-01 -1.27523522e-05 
 1.93226410e-05  2.00072517e-01 -1.28505331e-05 
 1.93476410e-05  2.00072517e-01 -1.27523521e-05 
 1.93726410e-05  2.00072517e-01 -1.28505332e-05 
 1.93976410e-05  2.00072517e-01 -1.27523519e-05 
 1.94226410e-05  2.00072517e-01 -1.28505333e-05 
 1.94476410e-05  2.00072517e-01 -1.27523518e-05 
 1.94726410e-05  2.00072517e-01 -1.28505335e-05 
 1.94976410e-05  2.00072517e-01 -1.27523517e-05 
 1.95226410e-05  2.00072517e-01 -1.28505336e-05 
 1.95476410e-05  2.00072517e-01 -1.27523516e-05 
 1.95726410e-05  2.00072517e-01 -1.28505337e-05 
 1.95976410e-05  2.00072517e-01 -1.27523515e-05 
 1.96226410e-05  2.00072517e-01 -1.28505338e-05 
 1.96476410e-05  2.00072517e-01 -1.27523513e-05 
 1.96726410e-05  2.00072517e-01 -1.28505339e-05 
 1.96976410e-05  2.00072517e-01 -1.27523512e-05 
 1.97226410e-05  2.00072517e-01 -1.28505341e-05 
 1.97476410e-05  2.00072517e-01 -1.27523511e-05 
 1.97726410e-05  2.00072517e-01 -1.28505342e-05 
 1.97976410e-05  2.00072517e-01 -1.27523510e-05 
 1.98226410e-05  2.00072517e-01 -1.28505343e-05 
 1.98476410e-05  2.00072517e-01 -1.27523509e-05 
 1.98726410e-05  2.00072517e-01 -1.28505344e-05 
 1.98976410e-05  2.00072517e-01 -1.27523508e-05 
 1.99226410e-05  2.00072517e-01 -1.28505345e-05 
 1.99476410e-05  2.00072517e-01 -1.27523506e-05 
 1.99726410e-05  2.00072517e-01 -1.28505346e-05 
 1.99976410e-05  2.00072517e-01 -1.27523505e-05 
 2.00226410e-05  2.00072517e-01 -1.28505348e-05 
 2.00476410e-05  2.00072517e-01 -1.27523504e-05 
 2.00726410e-05  2.00072517e-01 -1.28505349e-05 
 2.00976410e-05  2.00072517e-01 -1.27523503e-05 
 2.01226410e-05  2.00072517e-01 -1.28505350e-05 
 2.01476410e-05  2.00072517e-01 -1.27523502e-05 
 2.01726410e-05  2.00072517e-01 -1.28505351e-05 
 2.01976410e-05  2.00072517e-01 -1.27523501e-05 
 2.02226410e-05  2.00072517e-01 -1.28505352e-05 
 2.02476410e-05  2.00072517e-01 -1.27523500e-05 
 2.02726410e-05  2.00072517e-01 -1.28505353e-05 
 2.02976410e-05  2.00072517e-01 -1.27523498e-05 
 2.03226410e-05  2.00072517e-01 -1.28505354e-05 
 2.03476410e-05  2.00072517e-01 -1.27523497e-05 
 2.03726410e-05  2.00072517e-01 -1.28505356e-05 
 2.03976410e-05  2.00072517e-01 -1.27523496e-05 
 2.04226410e-05  2.00072517e-01 -1.28505357e-05 
 2.04476410e-05  2.00072517e-01 -1.27523495e-05 
 2.04726410e-05  2.00072517e-01 -1.28505358e-05 
 2.04976410e-05  2.00072517e-01 -1.27523494e-05 
 2.05226410e-05  2.00072517e-01 -1.28505359e-05 
 2.05476410e-05  2.00072517e-01 -1.27523493e-05 
 2.05726410e-05  2.00072517e-01 -1.28505360e-05 
 2.05976410e-05  2.00072517e-01 -1.27523492e-05 
 2.06226410e-05  2.00072517e-01 -1.28505361e-05 
 2.06476410e-05  2.00072517e-01 -1.27523490e-05 
 2.06726410e-05  2.00072517e-01 -1.28505362e-05 
 2.06976410e-05  2.00072517e-01 -1.27523489e-05 
 2.07226410e-05  2.00072517e-01 -1.28505363e-05 
 2.07476410e-05  2.00072517e-01 -1.27523488e-05 
 2.07726410e-05  2.00072517e-01 -1.28505365e-05 
 2.07976410e-05  2.00072517e-01 -1.27523487e-05 
 2.08226410e-05  2.00072517e-01 -1.28505366e-05 
 2.08476410e-05  2.00072517e-01 -1.27523486e-05 
 2.08726410e-05  2.00072517e-01 -1.28505367e-05 
 2.08976410e-05  2.00072517e-01 -1.27523485e-05 
 2.09226410e-05  2.00072517e-01 -1.28505368e-05 
 2.09476410e-05  2.00072517e-01 -1.27523484e-05 
 2.09726410e-05  2.00072517e-01 -1.28505369e-05 
 2.09976410e-05  2.00072517e-01 -1.27523483e-05 
 2.10226410e-05  2.00072517e-01 -1.28505370e-05 
 2.10476410e-05  2.00072517e-01 -1.27523482e-05 
 2.10726410e-05  2.00072517e-01 -1.28505371e-05 
 2.10976410e-05  2.00072517e-01 -1.27523480e-05 
 2.11226410e-05  2.00072517e-01 -1.28505372e-05 
 2.11476410e-05  2.00072517e-01 -1.27523479e-05 
 2.11726410e-05  2.00072517e-01 -1.28505373e-05 
 2.11976410e-05  2.00072517e-01 -1.27523478e-05 
 2.12226410e-05  2.00072517e-01 -1.28505375e-05 
 2.12476410e-05  2.00072517e-01 -1.27523477e-05 
 2.12726410e-05  2.00072517e-01 -1.28505376e-05 
 2.12976410e-05  2.00072517e-01 -1.27523476e-05 
 2.13226410e-05  2.00072517e-01 -1.28505377e-05 
 2.13476410e-05  2.00072517e-01 -1.27523475e-05 
 2.13726410e-05  2.00072517e-01 -1.28505378e-05 
 2.13976410e-05  2.00072517e-01 -1.27523474e-05 
 2.14226410e-05  2.00072517e-01 -1.28505379e-05 
 2.14476410e-05  2.00072517e-01 -1.27523473e-05 
 2.14726410e-05  2.00072517e-01 -1.28505380e-05 
 2.14976410e-05  2.00072517e-01 -1.27523472e-05 
 2.15226410e-05  2.00072517e-01 -1.28505381e-05 
 2.15476410e-05  2.00072517e-01 -1.27523471e-05 
 2.15726410e-05  2.00072517e-01 -1.28505382e-05 
 2.15976410e-05  2.00072517e-01 -1.27523470e-05 
 2.16226410e-05  2.00072517e-01 -1.28505383e-05 
 2.16476410e-05  2.00072517e-01 -1.27523469e-05 
 2.16726410e-05  2.00072517e-01 -1.28505384e-05 
 2.16976410e-05  2.00072517e-01 -1.27523468e-05 
 2.17226410e-05  2.00072517e-01 -1.28505385e-05 
 2.17476410e-05  2.00072517e-01 -1.27523466e-05 
 2.17726410e-05  2.00072517e-01 -1.28505386e-05 
 2.17976410e-05  2.00072517e-01 -1.27523465e-05 
 2.18226410e-05  2.00072517e-01 -1.28505387e-05 
 2.18476410e-05  2.00072517e-01 -1.27523464e-05 
 2.18726410e-05  2.00072517e-01 -1.28505388e-05 
 2.18976410e-05  2.00072517e-01 -1.27523463e-05 
 2.19226410e-05  2.00072517e-01 -1.28505389e-05 
 2.19476410e-05  2.00072517e-01 -1.27523462e-05 
 2.19726410e-05  2.00072517e-01 -1.28505390e-05 
 2.19863205e-05  2.00072517e-01 -1.27523461e-05 
 2.20000000e-05  2.00072517e-01 -1.28505392e-05 
