 time            v(pad)          i(VDD)         
 0.00000000e+00  2.00207966e-01 -1.24970022e-05 
 2.50000000e-10  2.00207966e-01 -1.24970022e-05 
 5.00000000e-10  2.00207966e-01 -1.24970022e-05 
 1.00000000e-09  2.00207966e-01 -1.24970022e-05 
 2.00000000e-09  2.00207966e-01 -1.24970022e-05 
 4.00000000e-09  2.00207966e-01 -1.24970022e-05 
 8.00000000e-09  2.00207966e-01 -1.24970022e-05 
 1.60000000e-08  2.00207966e-01 -1.24970022e-05 
 3.20000000e-08  2.00207966e-01 -1.24970022e-05 
 5.70000000e-08  2.00207966e-01 -1.24970022e-05 
 8.20000000e-08  2.00207966e-01 -1.24970022e-05 
 1.07000000e-07  2.00207966e-01 -1.24970022e-05 
 1.32000000e-07  2.00207966e-01 -1.24970022e-05 
 1.57000000e-07  2.00207966e-01 -1.24970022e-05 
 1.82000000e-07  2.00207966e-01 -1.24970022e-05 
 2.07000000e-07  2.00207966e-01 -1.24970022e-05 
 2.32000000e-07  2.00207966e-01 -1.24970022e-05 
 2.57000000e-07  2.00207966e-01 -1.24970022e-05 
 2.82000000e-07  2.00207966e-01 -1.24970022e-05 
 3.07000000e-07  2.00207966e-01 -1.24970022e-05 
 3.32000000e-07  2.00207966e-01 -1.24970022e-05 
 3.57000000e-07  2.00207966e-01 -1.24970022e-05 
 3.82000000e-07  2.00207966e-01 -1.24970022e-05 
 4.07000000e-07  2.00207966e-01 -1.24970022e-05 
 4.32000000e-07  2.00207966e-01 -1.24970022e-05 
 4.57000000e-07  2.00207966e-01 -1.24970022e-05 
 4.82000000e-07  2.00207966e-01 -1.24970022e-05 
 5.07000000e-07  2.00207966e-01 -1.24970022e-05 
 5.32000000e-07  2.00207966e-01 -1.24970022e-05 
 5.57000000e-07  2.00207966e-01 -1.24970022e-05 
 5.82000000e-07  2.00207966e-01 -1.24970022e-05 
 6.07000000e-07  2.00207966e-01 -1.24970022e-05 
 6.32000000e-07  2.00207966e-01 -1.24970022e-05 
 6.57000000e-07  2.00207966e-01 -1.24970022e-05 
 6.82000000e-07  2.00207966e-01 -1.24970022e-05 
 7.07000000e-07  2.00207966e-01 -1.24970022e-05 
 7.32000000e-07  2.00207966e-01 -1.24970022e-05 
 7.57000000e-07  2.00207966e-01 -1.24970022e-05 
 7.82000000e-07  2.00207966e-01 -1.24970022e-05 
 8.07000000e-07  2.00207966e-01 -1.24970022e-05 
 8.32000000e-07  2.00207966e-01 -1.24970022e-05 
 8.57000000e-07  2.00207966e-01 -1.24970022e-05 
 8.82000000e-07  2.00207966e-01 -1.24970022e-05 
 9.07000000e-07  2.00207966e-01 -1.24970022e-05 
 9.32000000e-07  2.00207966e-01 -1.24970022e-05 
 9.57000000e-07  2.00207966e-01 -1.24970022e-05 
 9.82000000e-07  2.00207966e-01 -1.24970022e-05 
 1.00700000e-06  2.00207966e-01 -1.24970022e-05 
 1.03200000e-06  2.00207966e-01 -1.24970022e-05 
 1.05700000e-06  2.00207966e-01 -1.24970022e-05 
 1.08200000e-06  2.00207966e-01 -1.24970022e-05 
 1.10700000e-06  2.00207966e-01 -1.24970022e-05 
 1.13200000e-06  2.00207966e-01 -1.24970022e-05 
 1.15700000e-06  2.00207966e-01 -1.24970022e-05 
 1.18200000e-06  2.00207966e-01 -1.24970022e-05 
 1.20700000e-06  2.00207966e-01 -1.24970022e-05 
 1.23200000e-06  2.00207966e-01 -1.24970022e-05 
 1.25700000e-06  2.00207966e-01 -1.24970022e-05 
 1.28200000e-06  2.00207966e-01 -1.24970022e-05 
 1.30700000e-06  2.00207966e-01 -1.24970022e-05 
 1.33200000e-06  2.00207966e-01 -1.24970022e-05 
 1.35700000e-06  2.00207966e-01 -1.24970022e-05 
 1.38200000e-06  2.00207966e-01 -1.24970022e-05 
 1.40700000e-06  2.00207966e-01 -1.24970022e-05 
 1.43200000e-06  2.00207966e-01 -1.24970022e-05 
 1.45700000e-06  2.00207966e-01 -1.24970022e-05 
 1.48200000e-06  2.00207966e-01 -1.24970022e-05 
 1.50700000e-06  2.00207966e-01 -1.24970022e-05 
 1.53200000e-06  2.00207966e-01 -1.24970022e-05 
 1.55700000e-06  2.00207966e-01 -1.24970022e-05 
 1.58200000e-06  2.00207966e-01 -1.24970022e-05 
 1.60700000e-06  2.00207966e-01 -1.24970022e-05 
 1.63200000e-06  2.00207966e-01 -1.24970022e-05 
 1.65700000e-06  2.00207966e-01 -1.24970022e-05 
 1.68200000e-06  2.00207966e-01 -1.24970022e-05 
 1.70700000e-06  2.00207966e-01 -1.24970022e-05 
 1.73200000e-06  2.00207966e-01 -1.24970022e-05 
 1.75700000e-06  2.00207966e-01 -1.24970022e-05 
 1.78200000e-06  2.00207966e-01 -1.24970022e-05 
 1.80700000e-06  2.00207966e-01 -1.24970022e-05 
 1.83200000e-06  2.00207966e-01 -1.24970022e-05 
 1.85700000e-06  2.00207966e-01 -1.24970022e-05 
 1.88200000e-06  2.00207966e-01 -1.24970022e-05 
 1.90700000e-06  2.00207966e-01 -1.24970022e-05 
 1.93200000e-06  2.00207966e-01 -1.24970022e-05 
 1.95700000e-06  2.00207966e-01 -1.24970022e-05 
 1.97850000e-06  2.00207966e-01 -1.24970022e-05 
 2.00000000e-06  2.00207966e-01 -1.24970022e-05 
 2.00000421e-06  2.00208169e-01 -2.56643551e-06 
 2.00001264e-06  2.00209007e-01  2.84721470e-06 
 2.00001648e-06  2.00209679e-01  2.82377544e-06 
 2.00002193e-06  2.00210931e-01  2.40588805e-06 
 2.00002695e-06  2.00212363e-01  2.14637797e-06 
 2.00003321e-06  2.00214473e-01  1.81777169e-06 
 2.00004058e-06  2.00217350e-01  1.51942926e-06 
 2.00004847e-06  2.00220821e-01  1.21875597e-06 
 2.00005747e-06  2.00225194e-01  9.69640800e-07 
 2.00006646e-06  2.00229925e-01  7.41722375e-07 
 2.00007701e-06  2.00235861e-01  5.65056800e-07 
 2.00008771e-06  2.00242261e-01  4.04202014e-07 
 2.00010044e-06  2.00250302e-01  2.96659720e-07 
 2.00011365e-06  2.00259081e-01  1.98842527e-07 
 2.00012956e-06  2.00270202e-01  1.55402575e-07 
 2.00014658e-06  2.00282696e-01  1.15588187e-07 
 2.00016756e-06  2.00298857e-01  1.30902923e-07 
 2.00019100e-06  2.00317791e-01  1.46436737e-07 
 2.00022105e-06  2.00343214e-01  2.21212913e-07 
 2.00025690e-06  2.00374846e-01  3.00030646e-07 
 2.00030654e-06  2.00420255e-01  4.56288986e-07 
 2.00037299e-06  2.00482501e-01  6.45525989e-07 
 2.00048212e-06  2.00584821e-01  9.97874284e-07 
 2.00067144e-06  2.00754439e-01  1.57144556e-06 
 2.00083572e-06  2.00889560e-01  2.09269291e-06 
 2.00100000e-06  2.01012053e-01  2.58730401e-06 
 2.00100006e-06  2.01012095e-01 -2.62306559e-06 
 2.00100018e-06  2.01012177e-01 -2.63879793e-06 
 2.00100041e-06  2.01012343e-01 -2.90685044e-06 
 2.00100080e-06  2.01012614e-01 -3.84258451e-06 
 2.00100157e-06  2.01013152e-01 -5.30395068e-06 
 2.00100312e-06  2.01014209e-01 -7.99563207e-06 
 2.00100478e-06  2.01015311e-01 -9.83110099e-06 
 2.00100781e-06  2.01017224e-01 -1.20019535e-05 
 2.00101165e-06  2.01019486e-01 -1.29044935e-05 
 2.00101755e-06  2.01022590e-01 -1.32351722e-05 
 2.00102442e-06  2.01025693e-01 -1.28021956e-05 
 2.00103125e-06  2.01028307e-01 -1.25500176e-05 
 2.00103883e-06  2.01030753e-01 -1.20764129e-05 
 2.00104647e-06  2.01032818e-01 -1.18798511e-05 
 2.00105523e-06  2.01034778e-01 -1.14689613e-05 
 2.00106409e-06  2.01036380e-01 -1.13333416e-05 
 2.00107443e-06  2.01037843e-01 -1.09833231e-05 
 2.00108490e-06  2.01038930e-01 -1.09076899e-05 
 2.00109741e-06  2.01039759e-01 -1.06189692e-05 
 2.00111018e-06  2.01040119e-01 -1.05973306e-05 
 2.00112586e-06  2.01039928e-01 -1.03615849e-05 
 2.00114211e-06  2.01039032e-01 -1.03841693e-05 
 2.00116282e-06  2.01036917e-01 -1.01902966e-05 
 2.00118481e-06  2.01033558e-01 -1.02459152e-05 
 2.00121446e-06  2.01027393e-01 -1.00819436e-05 
 2.00124727e-06  2.01018656e-01 -1.01598012e-05 
 2.00129599e-06  2.01002708e-01 -1.00152051e-05 
 2.00135424e-06  2.00980133e-01 -1.01078485e-05 
 2.00146012e-06  2.00933314e-01 -9.97947550e-06 
 2.00160847e-06  2.00862026e-01 -1.00930422e-05 
 2.00190516e-06  2.00719171e-01 -1.00045183e-05 
 2.00225796e-06  2.00561679e-01 -1.01558971e-05 
 2.00288277e-06  2.00325375e-01 -1.01097166e-05 
 2.00393495e-06  2.00044507e-01 -1.03317871e-05 
 2.00603931e-06  1.99877963e-01 -1.04241177e-05 
 2.01024802e-06  2.00816946e-01 -1.08994537e-05 
 2.01528867e-06  2.03585412e-01 -1.11422018e-05 
 2.02081395e-06  2.07950081e-01 -1.15614054e-05 
 2.02693253e-06  2.13771178e-01 -1.17042777e-05 
 2.03434251e-06  2.21628271e-01 -1.20378819e-05 
 2.04155874e-06  2.29777474e-01 -1.20700821e-05 
 2.04936833e-06  2.38904188e-01 -1.22871927e-05 
 2.05754695e-06  2.48656414e-01 -1.22432188e-05 
 2.06682429e-06  2.59848167e-01 -1.24031971e-05 
 2.07685579e-06  2.72028330e-01 -1.23180327e-05 
 2.08839825e-06  2.86085401e-01 -1.24467866e-05 
 2.10133734e-06  3.01856293e-01 -1.23406677e-05 
 2.11675996e-06  3.20641403e-01 -1.24554065e-05 
 2.13499540e-06  3.42814002e-01 -1.23409756e-05 
 2.15810937e-06  3.70845056e-01 -1.24508661e-05 
 2.18310937e-06  4.01067953e-01 -1.23341941e-05 
 2.20810937e-06  4.31193783e-01 -1.24436205e-05 
 2.23310937e-06  4.61226336e-01 -1.23269492e-05 
 2.25810937e-06  4.91169268e-01 -1.24362602e-05 
 2.28310937e-06  5.21025733e-01 -1.23193867e-05 
 2.30810937e-06  5.50797673e-01 -1.24284314e-05 
 2.33310937e-06  5.80484779e-01 -1.23112279e-05 
 2.35810937e-06  6.10082052e-01 -1.24198475e-05 
 2.38310937e-06  6.39575444e-01 -1.23020893e-05 
 2.40810937e-06  6.68932641e-01 -1.24099912e-05 
 2.43310937e-06  6.98085943e-01 -1.22913735e-05 
 2.45810937e-06  7.26896385e-01 -1.23984388e-05 
 2.48310937e-06  7.55080620e-01 -1.22795283e-05 
 2.50810937e-06  7.82076476e-01 -1.23879979e-05 
 2.53310937e-06  8.06857481e-01 -1.22741429e-05 
 2.55810937e-06  8.27879491e-01 -1.23930926e-05 
 2.57578674e-06  8.39616690e-01 -1.22891100e-05 
 2.59272648e-06  8.48076529e-01 -1.24136146e-05 
 2.61120166e-06  8.54513289e-01 -1.23137058e-05 
 2.63451821e-06  8.59843021e-01 -1.24401012e-05 
 2.65582133e-06  8.63375193e-01 -1.23343651e-05 
 2.67573474e-06  8.66397076e-01 -1.24503413e-05 
 2.69738587e-06  8.69654562e-01 -1.23380978e-05 
 2.72238587e-06  8.73265862e-01 -1.24509956e-05 
 2.74738587e-06  8.76521686e-01 -1.23379793e-05 
 2.77238587e-06  8.79337488e-01 -1.24513610e-05 
 2.79738587e-06  8.81757946e-01 -1.23388307e-05 
 2.82238587e-06  8.83869210e-01 -1.24522484e-05 
 2.84738587e-06  8.85736209e-01 -1.23395050e-05 
 2.87238587e-06  8.87393219e-01 -1.24527123e-05 
 2.89738587e-06  8.88859539e-01 -1.23398574e-05 
 2.92238587e-06  8.90152873e-01 -1.24530192e-05 
 2.94738587e-06  8.91292860e-01 -1.23401378e-05 
 2.97238587e-06  8.92298836e-01 -1.24532660e-05 
 2.99738587e-06  8.93187699e-01 -1.23403490e-05 
 3.02238587e-06  8.93973459e-01 -1.24534438e-05 
 3.04738587e-06  8.94668035e-01 -1.23405018e-05 
 3.07238587e-06  8.95281896e-01 -1.24535757e-05 
 3.09738587e-06  8.95824452e-01 -1.23406177e-05 
 3.12238587e-06  8.96304054e-01 -1.24536762e-05 
 3.14738587e-06  8.96728093e-01 -1.23407059e-05 
 3.17238587e-06  8.97103029e-01 -1.24537524e-05 
 3.19738587e-06  8.97434577e-01 -1.23407731e-05 
 3.22238587e-06  8.97727752e-01 -1.24538106e-05 
 3.24738587e-06  8.97987021e-01 -1.23408248e-05 
 3.27238587e-06  8.98216302e-01 -1.24538553e-05 
 3.29738587e-06  8.98419084e-01 -1.23408647e-05 
 3.32238587e-06  8.98598426e-01 -1.24538898e-05 
 3.34738587e-06  8.98757051e-01 -1.23408956e-05 
 3.37238587e-06  8.98897346e-01 -1.24539165e-05 
 3.39738587e-06  8.99021441e-01 -1.23409196e-05 
 3.42238587e-06  8.99131198e-01 -1.24539371e-05 
 3.44738587e-06  8.99228287e-01 -1.23409383e-05 
 3.47238587e-06  8.99314160e-01 -1.24539531e-05 
 3.49738587e-06  8.99390124e-01 -1.23409529e-05 
 3.52238587e-06  8.99457313e-01 -1.24539654e-05 
 3.54738587e-06  8.99516752e-01 -1.23409644e-05 
 3.57238587e-06  8.99569325e-01 -1.24539751e-05 
 3.59738587e-06  8.99615834e-01 -1.23409733e-05 
 3.62238587e-06  8.99656972e-01 -1.24539825e-05 
 3.64738587e-06  8.99693366e-01 -1.23409804e-05 
 3.67238587e-06  8.99725555e-01 -1.24539883e-05 
 3.69738587e-06  8.99754035e-01 -1.23409859e-05 
 3.72238587e-06  8.99779223e-01 -1.24539927e-05 
 3.74738587e-06  8.99801509e-01 -1.23409903e-05 
 3.77238587e-06  8.99821220e-01 -1.24539962e-05 
 3.79738587e-06  8.99838660e-01 -1.23409937e-05 
 3.82238587e-06  8.99854084e-01 -1.24539988e-05 
 3.84738587e-06  8.99867732e-01 -1.23409965e-05 
 3.87238587e-06  8.99879802e-01 -1.24540009e-05 
 3.89738587e-06  8.99890482e-01 -1.23409986e-05 
 3.92238587e-06  8.99899927e-01 -1.24540024e-05 
 3.94738587e-06  8.99908285e-01 -1.23410004e-05 
 3.97238587e-06  8.99915676e-01 -1.24540036e-05 
 3.99738587e-06  8.99922217e-01 -1.23410018e-05 
 4.02238587e-06  8.99928001e-01 -1.24540045e-05 
 4.04738587e-06  8.99933120e-01 -1.23410029e-05 
 4.07238587e-06  8.99937646e-01 -1.24540052e-05 
 4.09738587e-06  8.99941652e-01 -1.23410038e-05 
 4.12238587e-06  8.99945193e-01 -1.24540056e-05 
 4.14738587e-06  8.99948329e-01 -1.23410046e-05 
 4.17238587e-06  8.99951100e-01 -1.24540060e-05 
 4.19738587e-06  8.99953554e-01 -1.23410052e-05 
 4.22238587e-06  8.99955722e-01 -1.24540062e-05 
 4.24738587e-06  8.99957643e-01 -1.23410057e-05 
 4.27238587e-06  8.99959339e-01 -1.24540064e-05 
 4.29738587e-06  8.99960843e-01 -1.23410061e-05 
 4.32238587e-06  8.99962170e-01 -1.24540065e-05 
 4.34738587e-06  8.99963347e-01 -1.23410065e-05 
 4.37238587e-06  8.99964385e-01 -1.24540065e-05 
 4.39738587e-06  8.99965306e-01 -1.23410068e-05 
 4.42238587e-06  8.99966119e-01 -1.24540065e-05 
 4.44738587e-06  8.99966840e-01 -1.23410071e-05 
 4.47238587e-06  8.99967476e-01 -1.24540065e-05 
 4.49738587e-06  8.99968040e-01 -1.23410073e-05 
 4.52238587e-06  8.99968537e-01 -1.24540065e-05 
 4.54738587e-06  8.99968979e-01 -1.23410075e-05 
 4.57238587e-06  8.99969368e-01 -1.24540064e-05 
 4.59738587e-06  8.99969714e-01 -1.23410077e-05 
 4.62238587e-06  8.99970018e-01 -1.24540064e-05 
 4.64738587e-06  8.99970289e-01 -1.23410079e-05 
 4.67238587e-06  8.99970527e-01 -1.24540063e-05 
 4.69738587e-06  8.99970739e-01 -1.23410081e-05 
 4.72238587e-06  8.99970925e-01 -1.24540062e-05 
 4.74738587e-06  8.99971092e-01 -1.23410082e-05 
 4.77238587e-06  8.99971237e-01 -1.24540061e-05 
 4.79738587e-06  8.99971367e-01 -1.23410083e-05 
 4.82238587e-06  8.99971481e-01 -1.24540060e-05 
 4.84738587e-06  8.99971583e-01 -1.23410085e-05 
 4.87238587e-06  8.99971672e-01 -1.24540059e-05 
 4.89738587e-06  8.99971752e-01 -1.23410086e-05 
 4.92238587e-06  8.99971821e-01 -1.24540058e-05 
 4.94738587e-06  8.99971884e-01 -1.23410087e-05 
 4.97238587e-06  8.99971938e-01 -1.24540057e-05 
 4.99738587e-06  8.99971987e-01 -1.23410088e-05 
 5.02238587e-06  8.99972030e-01 -1.24540056e-05 
 5.04738587e-06  8.99972068e-01 -1.23410089e-05 
 5.07238587e-06  8.99972101e-01 -1.24540056e-05 
 5.09738587e-06  8.99972131e-01 -1.23410090e-05 
 5.12238587e-06  8.99972157e-01 -1.24540055e-05 
 5.14738587e-06  8.99972181e-01 -1.23410091e-05 
 5.17238587e-06  8.99972201e-01 -1.24540054e-05 
 5.19738587e-06  8.99972220e-01 -1.23410092e-05 
 5.22238587e-06  8.99972235e-01 -1.24540053e-05 
 5.24738587e-06  8.99972250e-01 -1.23410093e-05 
 5.27238587e-06  8.99972262e-01 -1.24540052e-05 
 5.29738587e-06  8.99972274e-01 -1.23410094e-05 
 5.32238587e-06  8.99972283e-01 -1.24540051e-05 
 5.34738587e-06  8.99972292e-01 -1.23410095e-05 
 5.37238587e-06  8.99972300e-01 -1.24540050e-05 
 5.39738587e-06  8.99972307e-01 -1.23410096e-05 
 5.42238587e-06  8.99972312e-01 -1.24540049e-05 
 5.44738587e-06  8.99972318e-01 -1.23410097e-05 
 5.47238587e-06  8.99972323e-01 -1.24540049e-05 
 5.49738587e-06  8.99972327e-01 -1.23410097e-05 
 5.52238587e-06  8.99972330e-01 -1.24540048e-05 
 5.54738587e-06  8.99972334e-01 -1.23410098e-05 
 5.57238587e-06  8.99972337e-01 -1.24540047e-05 
 5.59738587e-06  8.99972339e-01 -1.23410099e-05 
 5.62238587e-06  8.99972341e-01 -1.24540046e-05 
 5.64738587e-06  8.99972344e-01 -1.23410100e-05 
 5.67238587e-06  8.99972345e-01 -1.24540045e-05 
 5.69738587e-06  8.99972347e-01 -1.23410101e-05 
 5.72238587e-06  8.99972348e-01 -1.24540045e-05 
 5.74738587e-06  8.99972350e-01 -1.23410101e-05 
 5.77238587e-06  8.99972351e-01 -1.24540044e-05 
 5.79738587e-06  8.99972352e-01 -1.23410102e-05 
 5.82238587e-06  8.99972352e-01 -1.24540043e-05 
 5.84738587e-06  8.99972353e-01 -1.23410103e-05 
 5.87238587e-06  8.99972354e-01 -1.24540043e-05 
 5.89738587e-06  8.99972355e-01 -1.23410103e-05 
 5.92238587e-06  8.99972355e-01 -1.24540042e-05 
 5.94738587e-06  8.99972356e-01 -1.23410104e-05 
 5.97238587e-06  8.99972356e-01 -1.24540041e-05 
 5.99738587e-06  8.99972356e-01 -1.23410105e-05 
 6.02238587e-06  8.99972356e-01 -1.24540040e-05 
 6.04738587e-06  8.99972357e-01 -1.23410106e-05 
 6.07238587e-06  8.99972357e-01 -1.24540040e-05 
 6.09738587e-06  8.99972357e-01 -1.23410106e-05 
 6.12238587e-06  8.99972357e-01 -1.24540039e-05 
 6.14738587e-06  8.99972358e-01 -1.23410107e-05 
 6.17238587e-06  8.99972358e-01 -1.24540038e-05 
 6.19738587e-06  8.99972358e-01 -1.23410108e-05 
 6.22238587e-06  8.99972358e-01 -1.24540038e-05 
 6.24738587e-06  8.99972358e-01 -1.23410108e-05 
 6.27238587e-06  8.99972358e-01 -1.24540037e-05 
 6.29738587e-06  8.99972358e-01 -1.23410109e-05 
 6.32238587e-06  8.99972358e-01 -1.24540037e-05 
 6.34738587e-06  8.99972359e-01 -1.23410109e-05 
 6.37238587e-06  8.99972358e-01 -1.24540036e-05 
 6.39738587e-06  8.99972359e-01 -1.23410110e-05 
 6.42238587e-06  8.99972359e-01 -1.24540035e-05 
 6.44738587e-06  8.99972359e-01 -1.23410111e-05 
 6.47238587e-06  8.99972359e-01 -1.24540035e-05 
 6.49738587e-06  8.99972359e-01 -1.23410111e-05 
 6.52238587e-06  8.99972359e-01 -1.24540034e-05 
 6.54738587e-06  8.99972359e-01 -1.23410112e-05 
 6.57238587e-06  8.99972359e-01 -1.24540034e-05 
 6.59738587e-06  8.99972359e-01 -1.23410112e-05 
 6.62238587e-06  8.99972359e-01 -1.24540033e-05 
 6.64738587e-06  8.99972359e-01 -1.23410113e-05 
 6.67238587e-06  8.99972359e-01 -1.24540032e-05 
 6.69738587e-06  8.99972359e-01 -1.23410114e-05 
 6.72238587e-06  8.99972359e-01 -1.24540032e-05 
 6.74738587e-06  8.99972359e-01 -1.23410114e-05 
 6.77238587e-06  8.99972359e-01 -1.24540031e-05 
 6.79738587e-06  8.99972359e-01 -1.23410115e-05 
 6.82238587e-06  8.99972359e-01 -1.24540031e-05 
 6.84738587e-06  8.99972359e-01 -1.23410115e-05 
 6.87238587e-06  8.99972359e-01 -1.24540030e-05 
 6.89738587e-06  8.99972359e-01 -1.23410116e-05 
 6.92238587e-06  8.99972359e-01 -1.24540030e-05 
 6.94738587e-06  8.99972359e-01 -1.23410116e-05 
 6.97238587e-06  8.99972359e-01 -1.24540029e-05 
 6.99738587e-06  8.99972359e-01 -1.23410117e-05 
 7.02238587e-06  8.99972359e-01 -1.24540028e-05 
 7.04738587e-06  8.99972359e-01 -1.23410118e-05 
 7.07238587e-06  8.99972359e-01 -1.24540028e-05 
 7.09738587e-06  8.99972359e-01 -1.23410118e-05 
 7.12238587e-06  8.99972359e-01 -1.24540027e-05 
 7.14738587e-06  8.99972359e-01 -1.23410119e-05 
 7.17238587e-06  8.99972359e-01 -1.24540027e-05 
 7.19738587e-06  8.99972359e-01 -1.23410119e-05 
 7.22238587e-06  8.99972359e-01 -1.24540026e-05 
 7.24738587e-06  8.99972359e-01 -1.23410120e-05 
 7.27238587e-06  8.99972359e-01 -1.24540026e-05 
 7.29738587e-06  8.99972359e-01 -1.23410120e-05 
 7.32238587e-06  8.99972359e-01 -1.24540025e-05 
 7.34738587e-06  8.99972359e-01 -1.23410121e-05 
 7.37238587e-06  8.99972359e-01 -1.24540025e-05 
 7.39738587e-06  8.99972359e-01 -1.23410121e-05 
 7.42238587e-06  8.99972359e-01 -1.24540024e-05 
 7.44738587e-06  8.99972359e-01 -1.23410122e-05 
 7.47238587e-06  8.99972359e-01 -1.24540024e-05 
 7.49738587e-06  8.99972359e-01 -1.23410122e-05 
 7.52238587e-06  8.99972359e-01 -1.24540023e-05 
 7.54738587e-06  8.99972359e-01 -1.23410123e-05 
 7.57238587e-06  8.99972359e-01 -1.24540023e-05 
 7.59738587e-06  8.99972359e-01 -1.23410123e-05 
 7.62238587e-06  8.99972359e-01 -1.24540022e-05 
 7.64738587e-06  8.99972359e-01 -1.23410124e-05 
 7.67238587e-06  8.99972359e-01 -1.24540022e-05 
 7.69738587e-06  8.99972359e-01 -1.23410124e-05 
 7.72238587e-06  8.99972359e-01 -1.24540021e-05 
 7.74738587e-06  8.99972359e-01 -1.23410125e-05 
 7.77238587e-06  8.99972359e-01 -1.24540021e-05 
 7.79738587e-06  8.99972359e-01 -1.23410125e-05 
 7.82238587e-06  8.99972359e-01 -1.24540020e-05 
 7.84738587e-06  8.99972359e-01 -1.23410126e-05 
 7.87238587e-06  8.99972359e-01 -1.24540020e-05 
 7.89738587e-06  8.99972359e-01 -1.23410126e-05 
 7.92238587e-06  8.99972359e-01 -1.24540019e-05 
 7.94738587e-06  8.99972359e-01 -1.23410127e-05 
 7.97238587e-06  8.99972359e-01 -1.24540019e-05 
 7.99738587e-06  8.99972359e-01 -1.23410127e-05 
 8.02238587e-06  8.99972359e-01 -1.24540018e-05 
 8.04738587e-06  8.99972359e-01 -1.23410128e-05 
 8.07238587e-06  8.99972359e-01 -1.24540018e-05 
 8.09738587e-06  8.99972359e-01 -1.23410128e-05 
 8.12238587e-06  8.99972359e-01 -1.24540017e-05 
 8.14738587e-06  8.99972359e-01 -1.23410129e-05 
 8.17238587e-06  8.99972359e-01 -1.24540017e-05 
 8.19738587e-06  8.99972359e-01 -1.23410129e-05 
 8.22238587e-06  8.99972359e-01 -1.24540016e-05 
 8.24738587e-06  8.99972359e-01 -1.23410130e-05 
 8.27238587e-06  8.99972359e-01 -1.24540016e-05 
 8.29738587e-06  8.99972359e-01 -1.23410130e-05 
 8.32238587e-06  8.99972359e-01 -1.24540015e-05 
 8.34738587e-06  8.99972359e-01 -1.23410130e-05 
 8.37238587e-06  8.99972359e-01 -1.24540015e-05 
 8.39738587e-06  8.99972359e-01 -1.23410131e-05 
 8.42238587e-06  8.99972359e-01 -1.24540015e-05 
 8.44738587e-06  8.99972359e-01 -1.23410131e-05 
 8.47238587e-06  8.99972359e-01 -1.24540014e-05 
 8.49738587e-06  8.99972359e-01 -1.23410132e-05 
 8.52238587e-06  8.99972359e-01 -1.24540014e-05 
 8.54738587e-06  8.99972359e-01 -1.23410132e-05 
 8.57238587e-06  8.99972359e-01 -1.24540013e-05 
 8.59738587e-06  8.99972359e-01 -1.23410133e-05 
 8.62238587e-06  8.99972359e-01 -1.24540013e-05 
 8.64738587e-06  8.99972359e-01 -1.23410133e-05 
 8.67238587e-06  8.99972359e-01 -1.24540012e-05 
 8.69738587e-06  8.99972359e-01 -1.23410134e-05 
 8.72238587e-06  8.99972359e-01 -1.24540012e-05 
 8.74738587e-06  8.99972359e-01 -1.23410134e-05 
 8.77238587e-06  8.99972359e-01 -1.24540011e-05 
 8.79738587e-06  8.99972359e-01 -1.23410135e-05 
 8.82238587e-06  8.99972359e-01 -1.24540011e-05 
 8.84738587e-06  8.99972359e-01 -1.23410135e-05 
 8.87238587e-06  8.99972359e-01 -1.24540010e-05 
 8.89738587e-06  8.99972359e-01 -1.23410136e-05 
 8.92238587e-06  8.99972359e-01 -1.24540010e-05 
 8.94738587e-06  8.99972359e-01 -1.23410136e-05 
 8.97238587e-06  8.99972359e-01 -1.24540009e-05 
 8.99738587e-06  8.99972359e-01 -1.23410136e-05 
 9.02238587e-06  8.99972359e-01 -1.24540009e-05 
 9.04738587e-06  8.99972359e-01 -1.23410137e-05 
 9.07238587e-06  8.99972359e-01 -1.24540009e-05 
 9.09738587e-06  8.99972359e-01 -1.23410137e-05 
 9.12238587e-06  8.99972359e-01 -1.24540008e-05 
 9.14738587e-06  8.99972359e-01 -1.23410138e-05 
 9.17238587e-06  8.99972359e-01 -1.24540008e-05 
 9.19738587e-06  8.99972359e-01 -1.23410138e-05 
 9.22238587e-06  8.99972359e-01 -1.24540007e-05 
 9.24738587e-06  8.99972359e-01 -1.23410139e-05 
 9.27238587e-06  8.99972359e-01 -1.24540007e-05 
 9.29738587e-06  8.99972359e-01 -1.23410139e-05 
 9.32238587e-06  8.99972359e-01 -1.24540006e-05 
 9.34738587e-06  8.99972359e-01 -1.23410140e-05 
 9.37238587e-06  8.99972359e-01 -1.24540006e-05 
 9.39738587e-06  8.99972359e-01 -1.23410140e-05 
 9.42238587e-06  8.99972359e-01 -1.24540006e-05 
 9.44738587e-06  8.99972359e-01 -1.23410140e-05 
 9.47238587e-06  8.99972359e-01 -1.24540005e-05 
 9.49738587e-06  8.99972359e-01 -1.23410141e-05 
 9.52238587e-06  8.99972359e-01 -1.24540005e-05 
 9.54738587e-06  8.99972359e-01 -1.23410141e-05 
 9.57238587e-06  8.99972359e-01 -1.24540004e-05 
 9.59738587e-06  8.99972359e-01 -1.23410142e-05 
 9.62238587e-06  8.99972359e-01 -1.24540004e-05 
 9.64738587e-06  8.99972359e-01 -1.23410142e-05 
 9.67238587e-06  8.99972359e-01 -1.24540003e-05 
 9.69738587e-06  8.99972359e-01 -1.23410143e-05 
 9.72238587e-06  8.99972359e-01 -1.24540003e-05 
 9.74738587e-06  8.99972359e-01 -1.23410143e-05 
 9.77238587e-06  8.99972359e-01 -1.24540002e-05 
 9.79738587e-06  8.99972359e-01 -1.23410143e-05 
 9.82238587e-06  8.99972359e-01 -1.24540002e-05 
 9.84738587e-06  8.99972359e-01 -1.23410144e-05 
 9.87238587e-06  8.99972359e-01 -1.24540002e-05 
 9.89738587e-06  8.99972359e-01 -1.23410144e-05 
 9.92238587e-06  8.99972359e-01 -1.24540001e-05 
 9.94738587e-06  8.99972359e-01 -1.23410145e-05 
 9.97238587e-06  8.99972359e-01 -1.24540001e-05 
 9.99738587e-06  8.99972359e-01 -1.23410145e-05 
 1.00223859e-05  8.99972359e-01 -1.24540000e-05 
 1.00473859e-05  8.99972359e-01 -1.23410146e-05 
 1.00723859e-05  8.99972359e-01 -1.24540000e-05 
 1.00973859e-05  8.99972359e-01 -1.23410146e-05 
 1.01223859e-05  8.99972359e-01 -1.24539999e-05 
 1.01473859e-05  8.99972359e-01 -1.23410146e-05 
 1.01723859e-05  8.99972359e-01 -1.24539999e-05 
 1.01973859e-05  8.99972359e-01 -1.23410147e-05 
 1.02223859e-05  8.99972359e-01 -1.24539999e-05 
 1.02473859e-05  8.99972359e-01 -1.23410147e-05 
 1.02723859e-05  8.99972359e-01 -1.24539998e-05 
 1.02973859e-05  8.99972359e-01 -1.23410148e-05 
 1.03223859e-05  8.99972359e-01 -1.24539998e-05 
 1.03473859e-05  8.99972359e-01 -1.23410148e-05 
 1.03723859e-05  8.99972359e-01 -1.24539997e-05 
 1.03973859e-05  8.99972359e-01 -1.23410149e-05 
 1.04223859e-05  8.99972359e-01 -1.24539997e-05 
 1.04473859e-05  8.99972359e-01 -1.23410149e-05 
 1.04723859e-05  8.99972359e-01 -1.24539996e-05 
 1.04973859e-05  8.99972359e-01 -1.23410149e-05 
 1.05223859e-05  8.99972359e-01 -1.24539996e-05 
 1.05473859e-05  8.99972359e-01 -1.23410150e-05 
 1.05723859e-05  8.99972359e-01 -1.24539996e-05 
 1.05973859e-05  8.99972359e-01 -1.23410150e-05 
 1.06223859e-05  8.99972359e-01 -1.24539995e-05 
 1.06473859e-05  8.99972359e-01 -1.23410151e-05 
 1.06723859e-05  8.99972359e-01 -1.24539995e-05 
 1.06973859e-05  8.99972359e-01 -1.23410151e-05 
 1.07223859e-05  8.99972359e-01 -1.24539994e-05 
 1.07473859e-05  8.99972359e-01 -1.23410152e-05 
 1.07723859e-05  8.99972359e-01 -1.24539994e-05 
 1.07973859e-05  8.99972359e-01 -1.23410152e-05 
 1.08223859e-05  8.99972359e-01 -1.24539994e-05 
 1.08473859e-05  8.99972359e-01 -1.23410152e-05 
 1.08723859e-05  8.99972359e-01 -1.24539993e-05 
 1.08973859e-05  8.99972359e-01 -1.23410153e-05 
 1.09223859e-05  8.99972359e-01 -1.24539993e-05 
 1.09473859e-05  8.99972359e-01 -1.23410153e-05 
 1.09723859e-05  8.99972359e-01 -1.24539992e-05 
 1.09973859e-05  8.99972359e-01 -1.23410154e-05 
 1.10223859e-05  8.99972359e-01 -1.24539992e-05 
 1.10473859e-05  8.99972359e-01 -1.23410154e-05 
 1.10723859e-05  8.99972359e-01 -1.24539991e-05 
 1.10973859e-05  8.99972359e-01 -1.23410154e-05 
 1.11223859e-05  8.99972359e-01 -1.24539991e-05 
 1.11473859e-05  8.99972359e-01 -1.23410155e-05 
 1.11723859e-05  8.99972359e-01 -1.24539991e-05 
 1.11973859e-05  8.99972359e-01 -1.23410155e-05 
 1.12223859e-05  8.99972359e-01 -1.24539990e-05 
 1.12473859e-05  8.99972359e-01 -1.23410156e-05 
 1.12723859e-05  8.99972359e-01 -1.24539990e-05 
 1.12973859e-05  8.99972359e-01 -1.23410156e-05 
 1.13223859e-05  8.99972359e-01 -1.24539989e-05 
 1.13473859e-05  8.99972359e-01 -1.23410157e-05 
 1.13723859e-05  8.99972359e-01 -1.24539989e-05 
 1.13973859e-05  8.99972359e-01 -1.23410157e-05 
 1.14223859e-05  8.99972359e-01 -1.24539989e-05 
 1.14473859e-05  8.99972359e-01 -1.23410157e-05 
 1.14723859e-05  8.99972359e-01 -1.24539988e-05 
 1.14973859e-05  8.99972359e-01 -1.23410158e-05 
 1.15223859e-05  8.99972359e-01 -1.24539988e-05 
 1.15473859e-05  8.99972359e-01 -1.23410158e-05 
 1.15723859e-05  8.99972359e-01 -1.24539987e-05 
 1.15973859e-05  8.99972359e-01 -1.23410159e-05 
 1.16223859e-05  8.99972359e-01 -1.24539987e-05 
 1.16473859e-05  8.99972359e-01 -1.23410159e-05 
 1.16723859e-05  8.99972359e-01 -1.24539986e-05 
 1.16973859e-05  8.99972359e-01 -1.23410159e-05 
 1.17223859e-05  8.99972359e-01 -1.24539986e-05 
 1.17473859e-05  8.99972359e-01 -1.23410160e-05 
 1.17723859e-05  8.99972359e-01 -1.24539986e-05 
 1.17973859e-05  8.99972359e-01 -1.23410160e-05 
 1.18223859e-05  8.99972359e-01 -1.24539985e-05 
 1.18473859e-05  8.99972359e-01 -1.23410161e-05 
 1.18723859e-05  8.99972359e-01 -1.24539985e-05 
 1.18973859e-05  8.99972359e-01 -1.23410161e-05 
 1.19223859e-05  8.99972359e-01 -1.24539984e-05 
 1.19473859e-05  8.99972359e-01 -1.23410162e-05 
 1.19723859e-05  8.99972359e-01 -1.24539984e-05 
 1.19861929e-05  8.99972359e-01 -1.23410162e-05 
 1.20000000e-05  8.99972359e-01 -1.24539983e-05 
 1.20000027e-05  8.99972279e-01 -2.12430321e-05 
 1.20000081e-05  8.99971952e-01 -2.66364177e-05 
 1.20000111e-05  8.99971625e-01 -2.76522160e-05 
 1.20000157e-05  8.99970931e-01 -2.79901216e-05 
 1.20000210e-05  8.99969853e-01 -2.79079563e-05 
 1.20000266e-05  8.99968449e-01 -2.76297314e-05 
 1.20000333e-05  8.99966431e-01 -2.73447570e-05 
 1.20000408e-05  8.99963853e-01 -2.70074965e-05 
 1.20000491e-05  8.99960605e-01 -2.67398831e-05 
 1.20000576e-05  8.99956981e-01 -2.64690849e-05 
 1.20000672e-05  8.99952480e-01 -2.62677271e-05 
 1.20000771e-05  8.99947466e-01 -2.60627751e-05 
 1.20000886e-05  8.99941226e-01 -2.59271017e-05 
 1.20001006e-05  8.99934199e-01 -2.57872597e-05 
 1.20001147e-05  8.99925378e-01 -2.57169692e-05 
 1.20001299e-05  8.99915195e-01 -2.56411404e-05 
 1.20001479e-05  8.99902163e-01 -2.56361273e-05 
 1.20001681e-05  8.99886587e-01 -2.56269791e-05 
 1.20001929e-05  8.99866036e-01 -2.56955309e-05 
 1.20002220e-05  8.99840300e-01 -2.57708204e-05 
 1.20002599e-05  8.99804661e-01 -2.59498069e-05 
 1.20003083e-05  8.99756917e-01 -2.61794134e-05 
 1.20003792e-05  8.99685188e-01 -2.66169547e-05 
 1.20004865e-05  8.99578753e-01 -2.73161404e-05 
 1.20006034e-05  8.99472108e-01 -2.81738247e-05 
 1.20007321e-05  8.99369966e-01 -2.91087858e-05 
 1.20008660e-05  8.99277454e-01 -3.01076586e-05 
 1.20010000e-05  8.99188215e-01 -3.10356947e-05 
 1.20010001e-05  8.99188176e-01 -2.58253783e-05 
 1.20010002e-05  8.99188097e-01 -2.58107612e-05 
 1.20010004e-05  8.99187940e-01 -2.55661402e-05 
 1.20010008e-05  8.99187682e-01 -2.47035247e-05 
 1.20010016e-05  8.99187169e-01 -2.34657135e-05 
 1.20010031e-05  8.99186161e-01 -2.11519398e-05 
 1.20010047e-05  8.99185099e-01 -1.95004294e-05 
 1.20010077e-05  8.99183257e-01 -1.73725577e-05 
 1.20010115e-05  8.99181071e-01 -1.63256920e-05 
 1.20010175e-05  8.99177947e-01 -1.57553628e-05 
 1.20010243e-05  8.99174764e-01 -1.60514982e-05 
 1.20010312e-05  8.99171938e-01 -1.62417012e-05 
 1.20010387e-05  8.99169167e-01 -1.66750311e-05 
 1.20010464e-05  8.99166647e-01 -1.68392535e-05 
 1.20010551e-05  8.99164069e-01 -1.72212500e-05 
 1.20010640e-05  8.99161718e-01 -1.73271392e-05 
 1.20010743e-05  8.99159266e-01 -1.76467774e-05 
 1.20010848e-05  8.99157032e-01 -1.76937290e-05 
 1.20010972e-05  8.99154655e-01 -1.79512522e-05 
 1.20011100e-05  8.99152476e-01 -1.79414288e-05 
 1.20011256e-05  8.99150067e-01 -1.81430657e-05 
 1.20011418e-05  8.99147755e-01 -1.80838827e-05 
 1.20011625e-05  8.99144887e-01 -1.82350300e-05 
 1.20011844e-05  8.99141653e-01 -1.81312955e-05 
 1.20012140e-05  8.99136427e-01 -1.82334342e-05 
 1.20012467e-05  8.99128691e-01 -1.80828197e-05 
 1.20012952e-05  8.99111596e-01 -1.81218178e-05 
 1.20013531e-05  8.99079691e-01 -1.78992981e-05 
 1.20014583e-05  8.98982042e-01 -1.78035537e-05 
 1.20016058e-05  8.98748895e-01 -1.74018822e-05 
 1.20018399e-05  8.98145541e-01 -1.71257886e-05 
 1.20020544e-05  8.97359070e-01 -1.67262828e-05 
 1.20023376e-05  8.96031204e-01 -1.65504888e-05 
 1.20026154e-05  8.94460648e-01 -1.62183825e-05 
 1.20029830e-05  8.92059636e-01 -1.61110445e-05 
 1.20033594e-05  8.89299260e-01 -1.58220364e-05 
 1.20038455e-05  8.85399135e-01 -1.57593759e-05 
 1.20043578e-05  8.80987994e-01 -1.54973075e-05 
 1.20050110e-05  8.75066336e-01 -1.54576530e-05 
 1.20057193e-05  8.68412567e-01 -1.52051715e-05 
 1.20066155e-05  8.59837124e-01 -1.51697800e-05 
 1.20076123e-05  8.50276544e-01 -1.49118995e-05 
 1.20088695e-05  8.38413758e-01 -1.48658510e-05 
 1.20103035e-05  8.25367251e-01 -1.45902793e-05 
 1.20121196e-05  8.09824897e-01 -1.45220026e-05 
 1.20142536e-05  7.93145911e-01 -1.42190301e-05 
 1.20170014e-05  7.74274404e-01 -1.41199704e-05 
 1.20203623e-05  7.54991694e-01 -1.37835122e-05 
 1.20241100e-05  7.37858934e-01 -1.36882570e-05 
 1.20282504e-05  7.23352419e-01 -1.33822946e-05 
 1.20328031e-05  7.11549632e-01 -1.33223130e-05 
 1.20379722e-05  7.01963403e-01 -1.30491423e-05 
 1.20439914e-05  6.94231351e-01 -1.30168586e-05 
 1.20514553e-05  6.87696352e-01 -1.27670342e-05 
 1.20598645e-05  6.82355603e-01 -1.27719410e-05 
 1.20682655e-05  6.77682446e-01 -1.25840553e-05 
 1.20769679e-05  6.72548108e-01 -1.26472499e-05 
 1.20862601e-05  6.66123526e-01 -1.25005138e-05 
 1.20967074e-05  6.57416461e-01 -1.25945075e-05 
 1.21087638e-05  6.45460795e-01 -1.24719412e-05 
 1.21237568e-05  6.28386729e-01 -1.25849000e-05 
 1.21399710e-05  6.08292249e-01 -1.24746380e-05 
 1.21614607e-05  5.80851977e-01 -1.25925027e-05 
 1.21851993e-05  5.50742821e-01 -1.24807395e-05 
 1.22098666e-05  5.20057576e-01 -1.25947166e-05 
 1.22348666e-05  4.89399184e-01 -1.24806873e-05 
 1.22598666e-05  4.59054726e-01 -1.25934986e-05 
 1.22848666e-05  4.29157316e-01 -1.24773148e-05 
 1.23098666e-05  4.00056630e-01 -1.25858385e-05 
 1.23348666e-05  3.72257796e-01 -1.24633420e-05 
 1.23598666e-05  3.46422766e-01 -1.25649462e-05 
 1.23848666e-05  3.23423251e-01 -1.24382554e-05 
 1.24050268e-05  3.07656648e-01 -1.25442262e-05 
 1.24213239e-05  2.97152555e-01 -1.24279497e-05 
 1.24411157e-05  2.87172656e-01 -1.25428714e-05 
 1.24592965e-05  2.80166236e-01 -1.24323064e-05 
 1.24811614e-05  2.73120889e-01 -1.25499909e-05 
 1.25012396e-05  2.66967748e-01 -1.24393732e-05 
 1.25251549e-05  2.59574930e-01 -1.25560073e-05 
 1.25480382e-05  2.52796857e-01 -1.24439711e-05 
 1.25730382e-05  2.46266302e-01 -1.25582021e-05 
 1.25980382e-05  2.40758752e-01 -1.24441372e-05 
 1.26230382e-05  2.36044350e-01 -1.25573415e-05 
 1.26480382e-05  2.31875106e-01 -1.24433031e-05 
 1.26730382e-05  2.28142949e-01 -1.25568413e-05 
 1.26980382e-05  2.24829999e-01 -1.24429437e-05 
 1.27230382e-05  2.21918150e-01 -1.25564224e-05 
 1.27480382e-05  2.19363097e-01 -1.24424491e-05 
 1.27730382e-05  2.17112426e-01 -1.25559261e-05 
 1.27980382e-05  2.15123561e-01 -1.24420058e-05 
 1.28230382e-05  2.13365810e-01 -1.25555348e-05 
 1.28480382e-05  2.11814364e-01 -1.24416514e-05 
 1.28730382e-05  2.10446148e-01 -1.25552040e-05 
 1.28980382e-05  2.09239394e-01 -1.24413478e-05 
 1.29230382e-05  2.08174613e-01 -1.25549271e-05 
 1.29480382e-05  2.07234946e-01 -1.24411007e-05 
 1.29730382e-05  2.06405794e-01 -1.25547040e-05 
 1.29980382e-05  2.05674296e-01 -1.24409018e-05 
 1.30230382e-05  2.05029015e-01 -1.25545240e-05 
 1.30480382e-05  2.04459799e-01 -1.24407424e-05 
 1.30730382e-05  2.03957685e-01 -1.25543802e-05 
 1.30980382e-05  2.03514777e-01 -1.24406157e-05 
 1.31230382e-05  2.03124115e-01 -1.25542659e-05 
 1.31480382e-05  2.02779553e-01 -1.24405157e-05 
 1.31730382e-05  2.02475664e-01 -1.25541755e-05 
 1.31980382e-05  2.02207652e-01 -1.24404371e-05 
 1.32230382e-05  2.01971289e-01 -1.25541042e-05 
 1.32480382e-05  2.01762843e-01 -1.24403754e-05 
 1.32730382e-05  2.01579022e-01 -1.25540481e-05 
 1.32980382e-05  2.01416919e-01 -1.24403273e-05 
 1.33230382e-05  2.01273972e-01 -1.25540040e-05 
 1.33480382e-05  2.01147919e-01 -1.24402898e-05 
 1.33730382e-05  2.01036765e-01 -1.25539693e-05 
 1.33980382e-05  2.00938751e-01 -1.24402607e-05 
 1.34230382e-05  2.00852325e-01 -1.25539421e-05 
 1.34480382e-05  2.00776116e-01 -1.24402382e-05 
 1.34730382e-05  2.00708919e-01 -1.25539206e-05 
 1.34980382e-05  2.00649667e-01 -1.24402208e-05 
 1.35230382e-05  2.00597422e-01 -1.25539037e-05 
 1.35480382e-05  2.00551355e-01 -1.24402074e-05 
 1.35730382e-05  2.00510737e-01 -1.25538904e-05 
 1.35980382e-05  2.00474923e-01 -1.24401972e-05 
 1.36230382e-05  2.00443344e-01 -1.25538798e-05 
 1.36480382e-05  2.00415501e-01 -1.24401894e-05 
 1.36730382e-05  2.00390951e-01 -1.25538714e-05 
 1.36980382e-05  2.00369304e-01 -1.24401835e-05 
 1.37230382e-05  2.00350219e-01 -1.25538647e-05 
 1.37480382e-05  2.00333390e-01 -1.24401791e-05 
 1.37730382e-05  2.00318553e-01 -1.25538593e-05 
 1.37980382e-05  2.00305470e-01 -1.24401758e-05 
 1.38230382e-05  2.00293936e-01 -1.25538549e-05 
 1.38480382e-05  2.00283765e-01 -1.24401735e-05 
 1.38730382e-05  2.00274798e-01 -1.25538513e-05 
 1.38980382e-05  2.00266892e-01 -1.24401718e-05 
 1.39230382e-05  2.00259921e-01 -1.25538484e-05 
 1.39480382e-05  2.00253774e-01 -1.24401707e-05 
 1.39730382e-05  2.00248355e-01 -1.25538459e-05 
 1.39980382e-05  2.00243577e-01 -1.24401700e-05 
 1.40230382e-05  2.00239364e-01 -1.25538438e-05 
 1.40480382e-05  2.00235650e-01 -1.24401697e-05 
 1.40730382e-05  2.00232375e-01 -1.25538420e-05 
 1.40980382e-05  2.00229487e-01 -1.24401696e-05 
 1.41230382e-05  2.00226941e-01 -1.25538404e-05 
 1.41480382e-05  2.00224696e-01 -1.24401697e-05 
 1.41730382e-05  2.00222717e-01 -1.25538390e-05 
 1.41980382e-05  2.00220972e-01 -1.24401699e-05 
 1.42230382e-05  2.00219433e-01 -1.25538377e-05 
 1.42480382e-05  2.00218076e-01 -1.24401703e-05 
 1.42730382e-05  2.00216880e-01 -1.25538366e-05 
 1.42980382e-05  2.00215826e-01 -1.24401707e-05 
 1.43230382e-05  2.00214896e-01 -1.25538355e-05 
 1.43480382e-05  2.00214076e-01 -1.24401713e-05 
 1.43730382e-05  2.00213353e-01 -1.25538345e-05 
 1.43980382e-05  2.00212716e-01 -1.24401719e-05 
 1.44230382e-05  2.00212154e-01 -1.25538335e-05 
 1.44480382e-05  2.00211658e-01 -1.24401725e-05 
 1.44730382e-05  2.00211222e-01 -1.25538326e-05 
 1.44980382e-05  2.00210837e-01 -1.24401732e-05 
 1.45230382e-05  2.00210497e-01 -1.25538317e-05 
 1.45480382e-05  2.00210197e-01 -1.24401738e-05 
 1.45730382e-05  2.00209934e-01 -1.25538309e-05 
 1.45980382e-05  2.00209701e-01 -1.24401745e-05 
 1.46230382e-05  2.00209496e-01 -1.25538300e-05 
 1.46480382e-05  2.00209315e-01 -1.24401753e-05 
 1.46730382e-05  2.00209155e-01 -1.25538292e-05 
 1.46980382e-05  2.00209014e-01 -1.24401760e-05 
 1.47230382e-05  2.00208890e-01 -1.25538284e-05 
 1.47480382e-05  2.00208781e-01 -1.24401767e-05 
 1.47730382e-05  2.00208685e-01 -1.25538276e-05 
 1.47980382e-05  2.00208600e-01 -1.24401775e-05 
 1.48230382e-05  2.00208525e-01 -1.25538268e-05 
 1.48480382e-05  2.00208459e-01 -1.24401782e-05 
 1.48730382e-05  2.00208400e-01 -1.25538260e-05 
 1.48980382e-05  2.00208349e-01 -1.24401790e-05 
 1.49230382e-05  2.00208304e-01 -1.25538253e-05 
 1.49480382e-05  2.00208264e-01 -1.24401797e-05 
 1.49730382e-05  2.00208229e-01 -1.25538245e-05 
 1.49980382e-05  2.00208197e-01 -1.24401805e-05 
 1.50230382e-05  2.00208170e-01 -1.25538237e-05 
 1.50480382e-05  2.00208146e-01 -1.24401812e-05 
 1.50730382e-05  2.00208125e-01 -1.25538230e-05 
 1.50980382e-05  2.00208106e-01 -1.24401820e-05 
 1.51230382e-05  2.00208089e-01 -1.25538222e-05 
 1.51480382e-05  2.00208075e-01 -1.24401827e-05 
 1.51730382e-05  2.00208062e-01 -1.25538214e-05 
 1.51980382e-05  2.00208051e-01 -1.24401835e-05 
 1.52230382e-05  2.00208041e-01 -1.25538207e-05 
 1.52480382e-05  2.00208032e-01 -1.24401842e-05 
 1.52730382e-05  2.00208024e-01 -1.25538199e-05 
 1.52980382e-05  2.00208017e-01 -1.24401850e-05 
 1.53230382e-05  2.00208011e-01 -1.25538192e-05 
 1.53480382e-05  2.00208006e-01 -1.24401857e-05 
 1.53730382e-05  2.00208001e-01 -1.25538184e-05 
 1.53980382e-05  2.00207997e-01 -1.24401864e-05 
 1.54230382e-05  2.00207993e-01 -1.25538177e-05 
 1.54480382e-05  2.00207990e-01 -1.24401872e-05 
 1.54730382e-05  2.00207987e-01 -1.25538169e-05 
 1.54980382e-05  2.00207985e-01 -1.24401879e-05 
 1.55230382e-05  2.00207983e-01 -1.25538162e-05 
 1.55480382e-05  2.00207981e-01 -1.24401887e-05 
 1.55730382e-05  2.00207979e-01 -1.25538155e-05 
 1.55980382e-05  2.00207977e-01 -1.24401894e-05 
 1.56230382e-05  2.00207976e-01 -1.25538147e-05 
 1.56480382e-05  2.00207975e-01 -1.24401901e-05 
 1.56730382e-05  2.00207974e-01 -1.25538140e-05 
 1.56980382e-05  2.00207973e-01 -1.24401909e-05 
 1.57230382e-05  2.00207972e-01 -1.25538133e-05 
 1.57480382e-05  2.00207971e-01 -1.24401916e-05 
 1.57730382e-05  2.00207971e-01 -1.25538125e-05 
 1.57980382e-05  2.00207970e-01 -1.24401923e-05 
 1.58230382e-05  2.00207970e-01 -1.25538118e-05 
 1.58480382e-05  2.00207969e-01 -1.24401931e-05 
 1.58730382e-05  2.00207969e-01 -1.25538111e-05 
 1.58980382e-05  2.00207969e-01 -1.24401938e-05 
 1.59230382e-05  2.00207968e-01 -1.25538103e-05 
 1.59480382e-05  2.00207968e-01 -1.24401945e-05 
 1.59730382e-05  2.00207968e-01 -1.25538096e-05 
 1.59980382e-05  2.00207968e-01 -1.24401952e-05 
 1.60230382e-05  2.00207967e-01 -1.25538089e-05 
 1.60480382e-05  2.00207967e-01 -1.24401960e-05 
 1.60730382e-05  2.00207967e-01 -1.25538082e-05 
 1.60980382e-05  2.00207967e-01 -1.24401967e-05 
 1.61230382e-05  2.00207967e-01 -1.25538075e-05 
 1.61480382e-05  2.00207967e-01 -1.24401974e-05 
 1.61730382e-05  2.00207967e-01 -1.25538067e-05 
 1.61980382e-05  2.00207967e-01 -1.24401981e-05 
 1.62230382e-05  2.00207967e-01 -1.25538060e-05 
 1.62480382e-05  2.00207966e-01 -1.24401988e-05 
 1.62730382e-05  2.00207966e-01 -1.25538053e-05 
 1.62980382e-05  2.00207966e-01 -1.24401995e-05 
 1.63230382e-05  2.00207966e-01 -1.25538046e-05 
 1.63480382e-05  2.00207966e-01 -1.24402002e-05 
 1.63730382e-05  2.00207966e-01 -1.25538039e-05 
 1.63980382e-05  2.00207966e-01 -1.24402010e-05 
 1.64230382e-05  2.00207966e-01 -1.25538032e-05 
 1.64480382e-05  2.00207966e-01 -1.24402017e-05 
 1.64730382e-05  2.00207966e-01 -1.25538025e-05 
 1.64980382e-05  2.00207966e-01 -1.24402024e-05 
 1.65230382e-05  2.00207966e-01 -1.25538018e-05 
 1.65480382e-05  2.00207966e-01 -1.24402031e-05 
 1.65730382e-05  2.00207966e-01 -1.25538011e-05 
 1.65980382e-05  2.00207966e-01 -1.24402038e-05 
 1.66230382e-05  2.00207966e-01 -1.25538004e-05 
 1.66480382e-05  2.00207966e-01 -1.24402045e-05 
 1.66730382e-05  2.00207966e-01 -1.25537997e-05 
 1.66980382e-05  2.00207966e-01 -1.24402052e-05 
 1.67230382e-05  2.00207966e-01 -1.25537990e-05 
 1.67480382e-05  2.00207966e-01 -1.24402059e-05 
 1.67730382e-05  2.00207966e-01 -1.25537983e-05 
 1.67980382e-05  2.00207966e-01 -1.24402066e-05 
 1.68230382e-05  2.00207966e-01 -1.25537976e-05 
 1.68480382e-05  2.00207966e-01 -1.24402072e-05 
 1.68730382e-05  2.00207966e-01 -1.25537969e-05 
 1.68980382e-05  2.00207966e-01 -1.24402079e-05 
 1.69230382e-05  2.00207966e-01 -1.25537962e-05 
 1.69480382e-05  2.00207966e-01 -1.24402086e-05 
 1.69730382e-05  2.00207966e-01 -1.25537955e-05 
 1.69980382e-05  2.00207966e-01 -1.24402093e-05 
 1.70230382e-05  2.00207966e-01 -1.25537948e-05 
 1.70480382e-05  2.00207966e-01 -1.24402100e-05 
 1.70730382e-05  2.00207966e-01 -1.25537941e-05 
 1.70980382e-05  2.00207966e-01 -1.24402107e-05 
 1.71230382e-05  2.00207966e-01 -1.25537935e-05 
 1.71480382e-05  2.00207966e-01 -1.24402114e-05 
 1.71730382e-05  2.00207966e-01 -1.25537928e-05 
 1.71980382e-05  2.00207966e-01 -1.24402120e-05 
 1.72230382e-05  2.00207966e-01 -1.25537921e-05 
 1.72480382e-05  2.00207966e-01 -1.24402127e-05 
 1.72730382e-05  2.00207966e-01 -1.25537914e-05 
 1.72980382e-05  2.00207966e-01 -1.24402134e-05 
 1.73230382e-05  2.00207966e-01 -1.25537908e-05 
 1.73480382e-05  2.00207966e-01 -1.24402141e-05 
 1.73730382e-05  2.00207966e-01 -1.25537901e-05 
 1.73980382e-05  2.00207966e-01 -1.24402147e-05 
 1.74230382e-05  2.00207966e-01 -1.25537894e-05 
 1.74480382e-05  2.00207966e-01 -1.24402154e-05 
 1.74730382e-05  2.00207966e-01 -1.25537887e-05 
 1.74980382e-05  2.00207966e-01 -1.24402161e-05 
 1.75230382e-05  2.00207966e-01 -1.25537881e-05 
 1.75480382e-05  2.00207966e-01 -1.24402168e-05 
 1.75730382e-05  2.00207966e-01 -1.25537874e-05 
 1.75980382e-05  2.00207966e-01 -1.24402174e-05 
 1.76230382e-05  2.00207966e-01 -1.25537867e-05 
 1.76480382e-05  2.00207966e-01 -1.24402181e-05 
 1.76730382e-05  2.00207966e-01 -1.25537861e-05 
 1.76980382e-05  2.00207966e-01 -1.24402188e-05 
 1.77230382e-05  2.00207966e-01 -1.25537854e-05 
 1.77480382e-05  2.00207966e-01 -1.24402194e-05 
 1.77730382e-05  2.00207966e-01 -1.25537847e-05 
 1.77980382e-05  2.00207966e-01 -1.24402201e-05 
 1.78230382e-05  2.00207966e-01 -1.25537841e-05 
 1.78480382e-05  2.00207966e-01 -1.24402207e-05 
 1.78730382e-05  2.00207966e-01 -1.25537834e-05 
 1.78980382e-05  2.00207966e-01 -1.24402214e-05 
 1.79230382e-05  2.00207966e-01 -1.25537828e-05 
 1.79480382e-05  2.00207966e-01 -1.24402220e-05 
 1.79730382e-05  2.00207966e-01 -1.25537821e-05 
 1.79980382e-05  2.00207966e-01 -1.24402227e-05 
 1.80230382e-05  2.00207966e-01 -1.25537815e-05 
 1.80480382e-05  2.00207966e-01 -1.24402233e-05 
 1.80730382e-05  2.00207966e-01 -1.25537808e-05 
 1.80980382e-05  2.00207966e-01 -1.24402240e-05 
 1.81230382e-05  2.00207966e-01 -1.25537802e-05 
 1.81480382e-05  2.00207966e-01 -1.24402246e-05 
 1.81730382e-05  2.00207966e-01 -1.25537795e-05 
 1.81980382e-05  2.00207966e-01 -1.24402253e-05 
 1.82230382e-05  2.00207966e-01 -1.25537789e-05 
 1.82480382e-05  2.00207966e-01 -1.24402259e-05 
 1.82730382e-05  2.00207966e-01 -1.25537782e-05 
 1.82980382e-05  2.00207966e-01 -1.24402266e-05 
 1.83230382e-05  2.00207966e-01 -1.25537776e-05 
 1.83480382e-05  2.00207966e-01 -1.24402272e-05 
 1.83730382e-05  2.00207966e-01 -1.25537770e-05 
 1.83980382e-05  2.00207966e-01 -1.24402279e-05 
 1.84230382e-05  2.00207966e-01 -1.25537763e-05 
 1.84480382e-05  2.00207966e-01 -1.24402285e-05 
 1.84730382e-05  2.00207966e-01 -1.25537757e-05 
 1.84980382e-05  2.00207966e-01 -1.24402291e-05 
 1.85230382e-05  2.00207966e-01 -1.25537750e-05 
 1.85480382e-05  2.00207966e-01 -1.24402298e-05 
 1.85730382e-05  2.00207966e-01 -1.25537744e-05 
 1.85980382e-05  2.00207966e-01 -1.24402304e-05 
 1.86230382e-05  2.00207966e-01 -1.25537738e-05 
 1.86480382e-05  2.00207966e-01 -1.24402310e-05 
 1.86730382e-05  2.00207966e-01 -1.25537732e-05 
 1.86980382e-05  2.00207966e-01 -1.24402316e-05 
 1.87230382e-05  2.00207966e-01 -1.25537725e-05 
 1.87480382e-05  2.00207966e-01 -1.24402323e-05 
 1.87730382e-05  2.00207966e-01 -1.25537719e-05 
 1.87980382e-05  2.00207966e-01 -1.24402329e-05 
 1.88230382e-05  2.00207966e-01 -1.25537713e-05 
 1.88480382e-05  2.00207966e-01 -1.24402335e-05 
 1.88730382e-05  2.00207966e-01 -1.25537707e-05 
 1.88980382e-05  2.00207966e-01 -1.24402341e-05 
 1.89230382e-05  2.00207966e-01 -1.25537700e-05 
 1.89480382e-05  2.00207966e-01 -1.24402348e-05 
 1.89730382e-05  2.00207966e-01 -1.25537694e-05 
 1.89980382e-05  2.00207966e-01 -1.24402354e-05 
 1.90230382e-05  2.00207966e-01 -1.25537688e-05 
 1.90480382e-05  2.00207966e-01 -1.24402360e-05 
 1.90730382e-05  2.00207966e-01 -1.25537682e-05 
 1.90980382e-05  2.00207966e-01 -1.24402366e-05 
 1.91230382e-05  2.00207966e-01 -1.25537676e-05 
 1.91480382e-05  2.00207966e-01 -1.24402372e-05 
 1.91730382e-05  2.00207966e-01 -1.25537669e-05 
 1.91980382e-05  2.00207966e-01 -1.24402379e-05 
 1.92230382e-05  2.00207966e-01 -1.25537663e-05 
 1.92480382e-05  2.00207966e-01 -1.24402385e-05 
 1.92730382e-05  2.00207966e-01 -1.25537657e-05 
 1.92980382e-05  2.00207966e-01 -1.24402391e-05 
 1.93230382e-05  2.00207966e-01 -1.25537651e-05 
 1.93480382e-05  2.00207966e-01 -1.24402397e-05 
 1.93730382e-05  2.00207966e-01 -1.25537645e-05 
 1.93980382e-05  2.00207966e-01 -1.24402403e-05 
 1.94230382e-05  2.00207966e-01 -1.25537639e-05 
 1.94480382e-05  2.00207966e-01 -1.24402409e-05 
 1.94730382e-05  2.00207966e-01 -1.25537633e-05 
 1.94980382e-05  2.00207966e-01 -1.24402415e-05 
 1.95230382e-05  2.00207966e-01 -1.25537627e-05 
 1.95480382e-05  2.00207966e-01 -1.24402421e-05 
 1.95730382e-05  2.00207966e-01 -1.25537621e-05 
 1.95980382e-05  2.00207966e-01 -1.24402427e-05 
 1.96230382e-05  2.00207966e-01 -1.25537615e-05 
 1.96480382e-05  2.00207966e-01 -1.24402433e-05 
 1.96730382e-05  2.00207966e-01 -1.25537609e-05 
 1.96980382e-05  2.00207966e-01 -1.24402439e-05 
 1.97230382e-05  2.00207966e-01 -1.25537603e-05 
 1.97480382e-05  2.00207966e-01 -1.24402445e-05 
 1.97730382e-05  2.00207966e-01 -1.25537597e-05 
 1.97980382e-05  2.00207966e-01 -1.24402451e-05 
 1.98230382e-05  2.00207966e-01 -1.25537591e-05 
 1.98480382e-05  2.00207966e-01 -1.24402457e-05 
 1.98730382e-05  2.00207966e-01 -1.25537585e-05 
 1.98980382e-05  2.00207966e-01 -1.24402463e-05 
 1.99230382e-05  2.00207966e-01 -1.25537579e-05 
 1.99480382e-05  2.00207966e-01 -1.24402468e-05 
 1.99730382e-05  2.00207966e-01 -1.25537573e-05 
 1.99980382e-05  2.00207966e-01 -1.24402474e-05 
 2.00230382e-05  2.00207966e-01 -1.25537568e-05 
 2.00480382e-05  2.00207966e-01 -1.24402480e-05 
 2.00730382e-05  2.00207966e-01 -1.25537562e-05 
 2.00980382e-05  2.00207966e-01 -1.24402486e-05 
 2.01230382e-05  2.00207966e-01 -1.25537556e-05 
 2.01480382e-05  2.00207966e-01 -1.24402492e-05 
 2.01730382e-05  2.00207966e-01 -1.25537550e-05 
 2.01980382e-05  2.00207966e-01 -1.24402498e-05 
 2.02230382e-05  2.00207966e-01 -1.25537544e-05 
 2.02480382e-05  2.00207966e-01 -1.24402503e-05 
 2.02730382e-05  2.00207966e-01 -1.25537539e-05 
 2.02980382e-05  2.00207966e-01 -1.24402509e-05 
 2.03230382e-05  2.00207966e-01 -1.25537533e-05 
 2.03480382e-05  2.00207966e-01 -1.24402515e-05 
 2.03730382e-05  2.00207966e-01 -1.25537527e-05 
 2.03980382e-05  2.00207966e-01 -1.24402521e-05 
 2.04230382e-05  2.00207966e-01 -1.25537521e-05 
 2.04480382e-05  2.00207966e-01 -1.24402526e-05 
 2.04730382e-05  2.00207966e-01 -1.25537516e-05 
 2.04980382e-05  2.00207966e-01 -1.24402532e-05 
 2.05230382e-05  2.00207966e-01 -1.25537510e-05 
 2.05480382e-05  2.00207966e-01 -1.24402538e-05 
 2.05730382e-05  2.00207966e-01 -1.25537504e-05 
 2.05980382e-05  2.00207966e-01 -1.24402544e-05 
 2.06230382e-05  2.00207966e-01 -1.25537498e-05 
 2.06480382e-05  2.00207966e-01 -1.24402549e-05 
 2.06730382e-05  2.00207966e-01 -1.25537493e-05 
 2.06980382e-05  2.00207966e-01 -1.24402555e-05 
 2.07230382e-05  2.00207966e-01 -1.25537487e-05 
 2.07480382e-05  2.00207966e-01 -1.24402561e-05 
 2.07730382e-05  2.00207966e-01 -1.25537482e-05 
 2.07980382e-05  2.00207966e-01 -1.24402566e-05 
 2.08230382e-05  2.00207966e-01 -1.25537476e-05 
 2.08480382e-05  2.00207966e-01 -1.24402572e-05 
 2.08730382e-05  2.00207966e-01 -1.25537470e-05 
 2.08980382e-05  2.00207966e-01 -1.24402577e-05 
 2.09230382e-05  2.00207966e-01 -1.25537465e-05 
 2.09480382e-05  2.00207966e-01 -1.24402583e-05 
 2.09730382e-05  2.00207966e-01 -1.25537459e-05 
 2.09980382e-05  2.00207966e-01 -1.24402589e-05 
 2.10230382e-05  2.00207966e-01 -1.25537454e-05 
 2.10480382e-05  2.00207966e-01 -1.24402594e-05 
 2.10730382e-05  2.00207966e-01 -1.25537448e-05 
 2.10980382e-05  2.00207966e-01 -1.24402600e-05 
 2.11230382e-05  2.00207966e-01 -1.25537443e-05 
 2.11480382e-05  2.00207966e-01 -1.24402605e-05 
 2.11730382e-05  2.00207966e-01 -1.25537437e-05 
 2.11980382e-05  2.00207966e-01 -1.24402611e-05 
 2.12230382e-05  2.00207966e-01 -1.25537432e-05 
 2.12480382e-05  2.00207966e-01 -1.24402616e-05 
 2.12730382e-05  2.00207966e-01 -1.25537426e-05 
 2.12980382e-05  2.00207966e-01 -1.24402622e-05 
 2.13230382e-05  2.00207966e-01 -1.25537421e-05 
 2.13480382e-05  2.00207966e-01 -1.24402627e-05 
 2.13730382e-05  2.00207966e-01 -1.25537415e-05 
 2.13980382e-05  2.00207966e-01 -1.24402632e-05 
 2.14230382e-05  2.00207966e-01 -1.25537410e-05 
 2.14480382e-05  2.00207966e-01 -1.24402638e-05 
 2.14730382e-05  2.00207966e-01 -1.25537404e-05 
 2.14980382e-05  2.00207966e-01 -1.24402643e-05 
 2.15230382e-05  2.00207966e-01 -1.25537399e-05 
 2.15480382e-05  2.00207966e-01 -1.24402649e-05 
 2.15730382e-05  2.00207966e-01 -1.25537394e-05 
 2.15980382e-05  2.00207966e-01 -1.24402654e-05 
 2.16230382e-05  2.00207966e-01 -1.25537388e-05 
 2.16480382e-05  2.00207966e-01 -1.24402659e-05 
 2.16730382e-05  2.00207966e-01 -1.25537383e-05 
 2.16980382e-05  2.00207966e-01 -1.24402665e-05 
 2.17230382e-05  2.00207966e-01 -1.25537377e-05 
 2.17480382e-05  2.00207966e-01 -1.24402670e-05 
 2.17730382e-05  2.00207966e-01 -1.25537372e-05 
 2.17980382e-05  2.00207966e-01 -1.24402675e-05 
 2.18230382e-05  2.00207966e-01 -1.25537367e-05 
 2.18480382e-05  2.00207966e-01 -1.24402681e-05 
 2.18730382e-05  2.00207966e-01 -1.25537361e-05 
 2.18980382e-05  2.00207966e-01 -1.24402686e-05 
 2.19230382e-05  2.00207966e-01 -1.25537356e-05 
 2.19480382e-05  2.00207966e-01 -1.24402691e-05 
 2.19730382e-05  2.00207966e-01 -1.25537351e-05 
 2.19865191e-05  2.00207966e-01 -1.24402699e-05 
 2.20000000e-05  2.00207966e-01 -1.25537341e-05 
