 time            v(pad)          i(VDD)         
 0.00000000e+00  1.99965303e-01 -6.38679411e-06 
 2.50000000e-10  1.99965303e-01 -6.38679411e-06 
 5.00000000e-10  1.99965303e-01 -6.38679411e-06 
 1.00000000e-09  1.99965303e-01 -6.38679411e-06 
 2.00000000e-09  1.99965303e-01 -6.38679411e-06 
 4.00000000e-09  1.99965303e-01 -6.38679411e-06 
 8.00000000e-09  1.99965303e-01 -6.38679411e-06 
 1.60000000e-08  1.99965303e-01 -6.38679411e-06 
 3.20000000e-08  1.99965303e-01 -6.38679411e-06 
 5.70000000e-08  1.99965303e-01 -6.38679411e-06 
 8.20000000e-08  1.99965303e-01 -6.38679411e-06 
 1.07000000e-07  1.99965303e-01 -6.38679411e-06 
 1.32000000e-07  1.99965303e-01 -6.38679411e-06 
 1.57000000e-07  1.99965303e-01 -6.38679411e-06 
 1.82000000e-07  1.99965303e-01 -6.38679411e-06 
 2.07000000e-07  1.99965303e-01 -6.38679411e-06 
 2.32000000e-07  1.99965303e-01 -6.38679411e-06 
 2.57000000e-07  1.99965303e-01 -6.38679411e-06 
 2.82000000e-07  1.99965303e-01 -6.38679411e-06 
 3.07000000e-07  1.99965303e-01 -6.38679411e-06 
 3.32000000e-07  1.99965303e-01 -6.38679411e-06 
 3.57000000e-07  1.99965303e-01 -6.38679411e-06 
 3.82000000e-07  1.99965303e-01 -6.38679411e-06 
 4.07000000e-07  1.99965303e-01 -6.38679411e-06 
 4.32000000e-07  1.99965303e-01 -6.38679411e-06 
 4.57000000e-07  1.99965303e-01 -6.38679411e-06 
 4.82000000e-07  1.99965303e-01 -6.38679411e-06 
 5.07000000e-07  1.99965303e-01 -6.38679411e-06 
 5.32000000e-07  1.99965303e-01 -6.38679411e-06 
 5.57000000e-07  1.99965303e-01 -6.38679411e-06 
 5.82000000e-07  1.99965303e-01 -6.38679411e-06 
 6.07000000e-07  1.99965303e-01 -6.38679411e-06 
 6.32000000e-07  1.99965303e-01 -6.38679411e-06 
 6.57000000e-07  1.99965303e-01 -6.38679411e-06 
 6.82000000e-07  1.99965303e-01 -6.38679411e-06 
 7.07000000e-07  1.99965303e-01 -6.38679411e-06 
 7.32000000e-07  1.99965303e-01 -6.38679411e-06 
 7.57000000e-07  1.99965303e-01 -6.38679411e-06 
 7.82000000e-07  1.99965303e-01 -6.38679411e-06 
 8.07000000e-07  1.99965303e-01 -6.38679411e-06 
 8.32000000e-07  1.99965303e-01 -6.38679411e-06 
 8.57000000e-07  1.99965303e-01 -6.38679411e-06 
 8.82000000e-07  1.99965303e-01 -6.38679411e-06 
 9.07000000e-07  1.99965303e-01 -6.38679411e-06 
 9.32000000e-07  1.99965303e-01 -6.38679411e-06 
 9.57000000e-07  1.99965303e-01 -6.38679411e-06 
 9.82000000e-07  1.99965303e-01 -6.38679411e-06 
 1.00700000e-06  1.99965303e-01 -6.38679411e-06 
 1.03200000e-06  1.99965303e-01 -6.38679411e-06 
 1.05700000e-06  1.99965303e-01 -6.38679411e-06 
 1.08200000e-06  1.99965303e-01 -6.38679411e-06 
 1.10700000e-06  1.99965303e-01 -6.38679411e-06 
 1.13200000e-06  1.99965303e-01 -6.38679411e-06 
 1.15700000e-06  1.99965303e-01 -6.38679411e-06 
 1.18200000e-06  1.99965303e-01 -6.38679411e-06 
 1.20700000e-06  1.99965303e-01 -6.38679411e-06 
 1.23200000e-06  1.99965303e-01 -6.38679411e-06 
 1.25700000e-06  1.99965303e-01 -6.38679411e-06 
 1.28200000e-06  1.99965303e-01 -6.38679411e-06 
 1.30700000e-06  1.99965303e-01 -6.38679411e-06 
 1.33200000e-06  1.99965303e-01 -6.38679411e-06 
 1.35700000e-06  1.99965303e-01 -6.38679411e-06 
 1.38200000e-06  1.99965303e-01 -6.38679411e-06 
 1.40700000e-06  1.99965303e-01 -6.38679411e-06 
 1.43200000e-06  1.99965303e-01 -6.38679411e-06 
 1.45700000e-06  1.99965303e-01 -6.38679411e-06 
 1.48200000e-06  1.99965303e-01 -6.38679411e-06 
 1.50700000e-06  1.99965303e-01 -6.38679411e-06 
 1.53200000e-06  1.99965303e-01 -6.38679411e-06 
 1.55700000e-06  1.99965303e-01 -6.38679411e-06 
 1.58200000e-06  1.99965303e-01 -6.38679411e-06 
 1.60700000e-06  1.99965303e-01 -6.38679411e-06 
 1.63200000e-06  1.99965303e-01 -6.38679411e-06 
 1.65700000e-06  1.99965303e-01 -6.38679411e-06 
 1.68200000e-06  1.99965303e-01 -6.38679411e-06 
 1.70700000e-06  1.99965303e-01 -6.38679411e-06 
 1.73200000e-06  1.99965303e-01 -6.38679411e-06 
 1.75700000e-06  1.99965303e-01 -6.38679411e-06 
 1.78200000e-06  1.99965303e-01 -6.38679411e-06 
 1.80700000e-06  1.99965303e-01 -6.38679411e-06 
 1.83200000e-06  1.99965303e-01 -6.38679411e-06 
 1.85700000e-06  1.99965303e-01 -6.38679411e-06 
 1.88200000e-06  1.99965303e-01 -6.38679411e-06 
 1.90700000e-06  1.99965303e-01 -6.38679411e-06 
 1.93200000e-06  1.99965303e-01 -6.38679411e-06 
 1.95700000e-06  1.99965303e-01 -6.38679411e-06 
 1.97850000e-06  1.99965303e-01 -6.38679411e-06 
 2.00000000e-06  1.99965303e-01 -6.38679411e-06 
 2.00000421e-06  1.99965353e-01  3.77720863e-06 
 2.00001264e-06  1.99965560e-01  9.54347594e-06 
 2.00001649e-06  1.99965726e-01  9.55709983e-06 
 2.00002194e-06  1.99966033e-01  9.09984686e-06 
 2.00002696e-06  1.99966384e-01  8.80527992e-06 
 2.00003321e-06  1.99966899e-01  8.41743085e-06 
 2.00004058e-06  1.99967598e-01  8.06949714e-06 
 2.00004847e-06  1.99968439e-01  7.72286637e-06 
 2.00005747e-06  1.99969496e-01  7.43476626e-06 
 2.00006646e-06  1.99970634e-01  7.17773496e-06 
 2.00007701e-06  1.99972056e-01  6.97697769e-06 
 2.00008771e-06  1.99973582e-01  6.80031749e-06 
 2.00010045e-06  1.99975492e-01  6.68191764e-06 
 2.00011365e-06  1.99977565e-01  6.57938878e-06 
 2.00012957e-06  1.99980182e-01  6.53592263e-06 
 2.00014659e-06  1.99983107e-01  6.49979297e-06 
 2.00016757e-06  1.99986879e-01  6.52231545e-06 
 2.00019101e-06  1.99991286e-01  6.54598314e-06 
 2.00022107e-06  1.99997198e-01  6.62977758e-06 
 2.00025691e-06  2.00004560e-01  6.71460279e-06 
 2.00030654e-06  2.00015168e-01  6.87195434e-06 
 2.00037297e-06  2.00029823e-01  7.05135337e-06 
 2.00048195e-06  2.00054242e-01  7.37278831e-06 
 2.00067081e-06  2.00095762e-01  7.87790021e-06 
 2.00100000e-06  2.00162142e-01  8.78672687e-06 
 2.00100010e-06  2.00162162e-01  3.53940182e-06 
 2.00100031e-06  2.00162200e-01  3.41793097e-06 
 2.00100072e-06  2.00162277e-01  2.57140213e-06 
 2.00100145e-06  2.00162413e-01  1.01606879e-06 
 2.00100291e-06  2.00162679e-01 -1.56641000e-06 
 2.00100464e-06  2.00162988e-01 -3.88710744e-06 
 2.00100724e-06  2.00163432e-01 -5.98379653e-06 
 2.00101126e-06  2.00164076e-01 -7.48733643e-06 
 2.00101695e-06  2.00164903e-01 -7.84587196e-06 
 2.00102387e-06  2.00165781e-01 -7.57258536e-06 
 2.00103063e-06  2.00166525e-01 -7.12096188e-06 
 2.00103813e-06  2.00167241e-01 -6.74392053e-06 
 2.00104581e-06  2.00167876e-01 -6.34440361e-06 
 2.00105435e-06  2.00168486e-01 -6.04649123e-06 
 2.00106337e-06  2.00169040e-01 -5.71859492e-06 
 2.00107331e-06  2.00169560e-01 -5.50213899e-06 
 2.00108408e-06  2.00170032e-01 -5.24777907e-06 
 2.00109596e-06  2.00170454e-01 -5.10718965e-06 
 2.00110921e-06  2.00170815e-01 -4.92066013e-06 
 2.00112393e-06  2.00171091e-01 -4.84540959e-06 
 2.00114090e-06  2.00171254e-01 -4.71651205e-06 
 2.00116008e-06  2.00171250e-01 -4.69342588e-06 
 2.00118319e-06  2.00170997e-01 -4.60915721e-06 
 2.00121017e-06  2.00170386e-01 -4.62425615e-06 
 2.00124489e-06  2.00169161e-01 -4.57126049e-06 
 2.00128799e-06  2.00167062e-01 -4.61114235e-06 
 2.00135029e-06  2.00163164e-01 -4.57813812e-06 
 2.00143799e-06  2.00156507e-01 -4.63321054e-06 
 2.00160342e-06  2.00142085e-01 -4.61539621e-06 
 2.00192014e-06  2.00112679e-01 -4.68647059e-06 
 2.00229129e-06  2.00078993e-01 -4.66948134e-06 
 2.00291171e-06  2.00027095e-01 -4.74439877e-06 
 2.00400780e-06  1.99948312e-01 -4.76123535e-06 
 2.00619997e-06  1.99835674e-01 -4.91379490e-06 
 2.01058432e-06  1.99760197e-01 -5.07965925e-06 
 2.01566545e-06  1.99870376e-01 -5.33176213e-06 
 2.02210432e-06  2.00228846e-01 -5.51682826e-06 
 2.02997859e-06  2.00900704e-01 -5.77750673e-06 
 2.03832541e-06  2.01807424e-01 -5.91269992e-06 
 2.04876907e-06  2.03128769e-01 -6.11078310e-06 
 2.06251206e-06  2.05068756e-01 -6.20158027e-06 
 2.07961885e-06  2.07673112e-01 -6.33188783e-06 
 2.09596976e-06  2.10277985e-01 -6.33271950e-06 
 2.11377055e-06  2.13189764e-01 -6.39523741e-06 
 2.13287453e-06  2.16372875e-01 -6.36434420e-06 
 2.15662326e-06  2.20387516e-01 -6.40973344e-06 
 2.18162326e-06  2.24663348e-01 -6.36992621e-06 
 2.20662326e-06  2.28975970e-01 -6.41076948e-06 
 2.23162326e-06  2.33315407e-01 -6.36953237e-06 
 2.25662326e-06  2.37674479e-01 -6.41002007e-06 
 2.28162326e-06  2.42047932e-01 -6.36871966e-06 
 2.30662326e-06  2.46431926e-01 -6.40921398e-06 
 2.33162326e-06  2.50823659e-01 -6.36793028e-06 
 2.35662326e-06  2.55221101e-01 -6.40843883e-06 
 2.38162326e-06  2.59622783e-01 -6.36716409e-06 
 2.40662326e-06  2.64027655e-01 -6.40767801e-06 
 2.43162326e-06  2.68434962e-01 -6.36640510e-06 
 2.45662326e-06  2.72844174e-01 -6.40691908e-06 
 2.48162326e-06  2.77254914e-01 -6.36564415e-06 
 2.50662326e-06  2.81666926e-01 -6.40615542e-06 
 2.53162326e-06  2.86080030e-01 -6.36487650e-06 
 2.55662326e-06  2.90494112e-01 -6.40538369e-06 
 2.58162326e-06  2.94909096e-01 -6.36409982e-06 
 2.60662326e-06  2.99324941e-01 -6.40460223e-06 
 2.63162326e-06  3.03741624e-01 -6.36331292e-06 
 2.65662326e-06  3.08159143e-01 -6.40381020e-06 
 2.68162326e-06  3.12577504e-01 -6.36251514e-06 
 2.70662326e-06  3.16996723e-01 -6.40300701e-06 
 2.73162326e-06  3.21416822e-01 -6.36170592e-06 
 2.75662326e-06  3.25837832e-01 -6.40219203e-06 
 2.78162326e-06  3.30259785e-01 -6.36088449e-06 
 2.80662326e-06  3.34682719e-01 -6.40136434e-06 
 2.83162326e-06  3.39106678e-01 -6.36004971e-06 
 2.85662326e-06  3.43531712e-01 -6.40052249e-06 
 2.88162326e-06  3.47957874e-01 -6.35919976e-06 
 2.90662326e-06  3.52385228e-01 -6.39966421e-06 
 2.93162326e-06  3.56813846e-01 -6.35833183e-06 
 2.95662326e-06  3.61243812e-01 -6.39878600e-06 
 2.98162326e-06  3.65675223e-01 -6.35744154e-06 
 3.00662326e-06  3.70108197e-01 -6.39788239e-06 
 3.03162326e-06  3.74542871e-01 -6.35652202e-06 
 3.05662326e-06  3.78979412e-01 -6.39694472e-06 
 3.08162326e-06  3.83418023e-01 -6.35556232e-06 
 3.10662326e-06  3.87858953e-01 -6.39595905e-06 
 3.13162326e-06  3.92302505e-01 -6.35454457e-06 
 3.15662326e-06  3.96749060e-01 -6.39490234e-06 
 3.18162326e-06  4.01199092e-01 -6.35343881e-06 
 3.20662326e-06  4.05653201e-01 -6.39373515e-06 
 3.23162326e-06  4.10112148e-01 -6.35219253e-06 
 3.25662326e-06  4.14576916e-01 -6.39238702e-06 
 3.28162326e-06  4.19048777e-01 -6.35071125e-06 
 3.30662326e-06  4.23529387e-01 -6.39073377e-06 
 3.33162326e-06  4.28020868e-01 -6.34884008e-06 
 3.35662326e-06  4.32525868e-01 -6.38860136e-06 
 3.38162326e-06  4.37047522e-01 -6.34641849e-06 
 3.40662326e-06  4.41589254e-01 -6.38590099e-06 
 3.43162326e-06  4.46154435e-01 -6.34349735e-06 
 3.45662326e-06  4.50745983e-01 -6.38285639e-06 
 3.48162326e-06  4.55366040e-01 -6.34043962e-06 
 3.50662326e-06  4.60015811e-01 -6.37988154e-06 
 3.53162326e-06  4.64695582e-01 -6.33761028e-06 
 3.55662326e-06  4.69404860e-01 -6.37722748e-06 
 3.58162326e-06  4.74142556e-01 -6.33513538e-06 
 3.60662326e-06  4.78907172e-01 -6.37492197e-06 
 3.63162326e-06  4.83696950e-01 -6.33298255e-06 
 3.65662326e-06  4.88510002e-01 -6.37290306e-06 
 3.68162326e-06  4.93344398e-01 -6.33107881e-06 
 3.70662326e-06  4.98198231e-01 -6.37109938e-06 
 3.73162326e-06  5.03069656e-01 -6.32936036e-06 
 3.75662326e-06  5.07956921e-01 -6.36945377e-06 
 3.78162326e-06  5.12858389e-01 -6.32777594e-06 
 3.80662326e-06  5.17772538e-01 -6.36792124e-06 
 3.83162326e-06  5.22697970e-01 -6.32628627e-06 
 3.85662326e-06  5.27633407e-01 -6.36646728e-06 
 3.88162326e-06  5.32577688e-01 -6.32486088e-06 
 3.90662326e-06  5.37529761e-01 -6.36506488e-06 
 3.93162326e-06  5.42488677e-01 -6.32347562e-06 
 3.95662326e-06  5.47453583e-01 -6.36369229e-06 
 3.98162326e-06  5.52423715e-01 -6.32211078e-06 
 4.00662326e-06  5.57398388e-01 -6.36233149e-06 
 4.03162326e-06  5.62376991e-01 -6.32074974e-06 
 4.05662326e-06  5.67358980e-01 -6.36096701e-06 
 4.08162326e-06  5.72343868e-01 -6.31937794e-06 
 4.10662326e-06  5.77331227e-01 -6.35958499e-06 
 4.13162326e-06  5.82320674e-01 -6.31798204e-06 
 4.15662326e-06  5.87311869e-01 -6.35817242e-06 
 4.18162326e-06  5.92304515e-01 -6.31654916e-06 
 4.20662326e-06  5.97298347e-01 -6.35671642e-06 
 4.23162326e-06  6.02293132e-01 -6.31506628e-06 
 4.25662326e-06  6.07288666e-01 -6.35520362e-06 
 4.28162326e-06  6.12284769e-01 -6.31351953e-06 
 4.30662326e-06  6.17281287e-01 -6.35361950e-06 
 4.33162326e-06  6.22278081e-01 -6.31189354e-06 
 4.35662326e-06  6.27275036e-01 -6.35194766e-06 
 4.38162326e-06  6.32272049e-01 -6.31017069e-06 
 4.40662326e-06  6.37269036e-01 -6.35016904e-06 
 4.43162326e-06  6.42265924e-01 -6.30833022e-06 
 4.45662326e-06  6.47262653e-01 -6.34826093e-06 
 4.48162326e-06  6.52259175e-01 -6.30634722e-06 
 4.50662326e-06  6.57255453e-01 -6.34619587e-06 
 4.53162326e-06  6.62251459e-01 -6.30419129e-06 
 4.55662326e-06  6.67247173e-01 -6.34394017e-06 
 4.58162326e-06  6.72242587e-01 -6.30182503e-06 
 4.60662326e-06  6.77237698e-01 -6.34145219e-06 
 4.63162326e-06  6.82232513e-01 -6.29920204e-06 
 4.65662326e-06  6.87227045e-01 -6.33868023e-06 
 4.68162326e-06  6.92221318e-01 -6.29626465e-06 
 4.70662326e-06  6.97215360e-01 -6.33555992e-06 
 4.73162326e-06  7.02209209e-01 -6.29294107e-06 
 4.75662326e-06  7.07202911e-01 -6.33201128e-06 
 4.78162326e-06  7.12196520e-01 -6.28914233e-06 
 4.80662326e-06  7.17190099e-01 -6.32793556e-06 
 4.83162326e-06  7.22183722e-01 -6.28475910e-06 
 4.85662326e-06  7.27177473e-01 -6.32321217e-06 
 4.88162326e-06  7.32171445e-01 -6.27965905e-06 
 4.90662326e-06  7.37165747e-01 -6.31769674e-06 
 4.93162326e-06  7.42160499e-01 -6.27368580e-06 
 4.95662326e-06  7.47155839e-01 -6.31122145e-06 
 4.98162326e-06  7.52151920e-01 -6.26666120e-06 
 5.00662326e-06  7.57148914e-01 -6.30359958e-06 
 5.03162326e-06  7.62147015e-01 -6.25839265e-06 
 5.05662326e-06  7.67146440e-01 -6.29463626e-06 
 5.08162326e-06  7.72147431e-01 -6.24868744e-06 
 5.10662326e-06  7.77150261e-01 -6.28414619e-06 
 5.13162326e-06  7.82155236e-01 -6.23737362e-06 
 5.15662326e-06  7.87162700e-01 -6.27197709e-06 
 5.18162326e-06  7.92173038e-01 -6.22432484e-06 
 5.20662326e-06  7.97186686e-01 -6.25803431e-06 
 5.23162326e-06  8.02204136e-01 -6.20948299e-06 
 5.25662326e-06  8.07225945e-01 -6.24229979e-06 
 5.28162326e-06  8.12252747e-01 -6.19287193e-06 
 5.30662326e-06  8.17285264e-01 -6.22483935e-06 
 5.33162326e-06  8.22324325e-01 -6.17459771e-06 
 5.35662326e-06  8.27370876e-01 -6.20579594e-06 
 5.38162326e-06  8.32426009e-01 -6.15483566e-06 
 5.40662326e-06  8.37490968e-01 -6.18537228e-06 
 5.43162326e-06  8.42567173e-01 -6.13381127e-06 
 5.45662326e-06  8.47656226e-01 -6.16381340e-06 
 5.48162326e-06  8.52759901e-01 -6.11178844e-06 
 5.50662326e-06  8.57880117e-01 -6.14140473e-06 
 5.53162326e-06  8.63018886e-01 -6.08907981e-06 
 5.55662326e-06  8.68178224e-01 -6.11849275e-06 
 5.58162326e-06  8.73360052e-01 -6.06606947e-06 
 5.60662326e-06  8.78566092e-01 -6.09549594e-06 
 5.63162326e-06  8.83797772e-01 -6.04319815e-06 
 5.65662326e-06  8.89056170e-01 -6.07285845e-06 
 5.68162326e-06  8.94341989e-01 -6.02089355e-06 
 5.70662326e-06  8.99655559e-01 -6.05097603e-06 
 5.73162326e-06  9.04996863e-01 -5.99951081e-06 
 5.75662326e-06  9.10365584e-01 -6.03016047e-06 
 5.78162326e-06  9.15761147e-01 -5.97931882e-06 
 5.80662326e-06  9.21182770e-01 -6.01063940e-06 
 5.83162326e-06  9.26629515e-01 -5.96050576e-06 
 5.85662326e-06  9.32100325e-01 -5.99256315e-06 
 5.88162326e-06  9.37594059e-01 -5.94318569e-06 
 5.90662326e-06  9.43109524e-01 -5.97601118e-06 
 5.93162326e-06  9.48645489e-01 -5.92740527e-06 
 5.95662326e-06  9.54200713e-01 -5.96099943e-06 
 5.98162326e-06  9.59773950e-01 -5.91315212e-06 
 6.00662326e-06  9.65363966e-01 -5.94748987e-06 
 6.03162326e-06  9.70969549e-01 -5.90036553e-06 
 6.05662326e-06  9.76589515e-01 -5.93540233e-06 
 6.08162326e-06  9.82222711e-01 -5.88894915e-06 
 6.10662326e-06  9.87868029e-01 -5.92462752e-06 
 6.13162326e-06  9.93524398e-01 -5.87878387e-06 
 6.15662326e-06  9.99190795e-01 -5.91503945e-06 
 6.18162326e-06  1.00486624e+00 -5.86973943e-06 
 6.20662326e-06  1.01054979e+00 -5.90650584e-06 
 6.23162326e-06  1.01624056e+00 -5.86168350e-06 
 6.25662326e-06  1.02193767e+00 -5.89889594e-06 
 6.28162326e-06  1.02764030e+00 -5.85448821e-06 
 6.30662326e-06  1.03334760e+00 -5.89208577e-06 
 6.33162326e-06  1.03905875e+00 -5.84803428e-06 
 6.35662326e-06  1.04477288e+00 -5.88596141e-06 
 6.38162326e-06  1.05048902e+00 -5.84221368e-06 
 6.40662326e-06  1.05620609e+00 -5.88042130e-06 
 6.43162326e-06  1.06192276e+00 -5.83693201e-06 
 6.45662326e-06  1.06763732e+00 -5.87537910e-06 
 6.48162326e-06  1.07334749e+00 -5.83211231e-06 
 6.50662326e-06  1.07905015e+00 -5.87076909e-06 
 6.53162326e-06  1.08474089e+00 -5.82770277e-06 
 6.55662326e-06  1.09041345e+00 -5.86655715e-06 
 6.58162326e-06  1.09605896e+00 -5.82369211e-06 
 6.60662326e-06  1.10166478e+00 -5.86276174e-06 
 6.63162326e-06  1.10721313e+00 -5.82013746e-06 
 6.65662326e-06  1.11267924e+00 -5.85948981e-06 
 6.68162326e-06  1.11802903e+00 -5.81720888e-06 
 6.70662326e-06  1.12321650e+00 -5.85698907e-06 
 6.73162326e-06  1.12818083e+00 -5.81524547e-06 
 6.75662326e-06  1.13284380e+00 -5.85569896e-06 
 6.78162326e-06  1.13710818e+00 -5.81478424e-06 
 6.80662326e-06  1.14085845e+00 -5.85622964e-06 
 6.83162326e-06  1.14396488e+00 -5.81645290e-06 
 6.85662326e-06  1.14629278e+00 -5.85913117e-06 
 6.88162326e-06  1.14771606e+00 -5.82059745e-06 
 6.90662326e-06  1.14813285e+00 -5.86442093e-06 
 6.93162326e-06  1.14748022e+00 -5.82682284e-06 
 6.95662326e-06  1.14574310e+00 -5.87128795e-06 
 6.98162326e-06  1.14295526e+00 -5.83399848e-06 
 7.00662326e-06  1.13919231e+00 -5.87845513e-06 
 7.03162326e-06  1.13455932e+00 -5.84089797e-06 
 7.05662326e-06  1.12917680e+00 -5.88491148e-06 
 7.08162326e-06  1.12316812e+00 -5.84682143e-06 
 7.10662326e-06  1.11665012e+00 -5.89028808e-06 
 7.13162326e-06  1.10972750e+00 -5.85169210e-06 
 7.15662326e-06  1.10249045e+00 -5.89472924e-06 
 7.18162326e-06  1.09501417e+00 -5.85580040e-06 
 7.20662326e-06  1.08736029e+00 -5.89860688e-06 
 7.23162326e-06  1.07957903e+00 -5.85954759e-06 
 7.25662326e-06  1.07171119e+00 -5.90232081e-06 
 7.28162326e-06  1.06379025e+00 -5.86332010e-06 
 7.30662326e-06  1.05584432e+00 -5.90624160e-06 
 7.33162326e-06  1.04789785e+00 -5.86747775e-06 
 7.35662326e-06  1.03997324e+00 -5.91072926e-06 
 7.38162326e-06  1.03209221e+00 -5.87239583e-06 
 7.40662326e-06  1.02427732e+00 -5.91619222e-06 
 7.43162326e-06  1.01655336e+00 -5.87853499e-06 
 7.45662326e-06  1.00894893e+00 -5.92316019e-06 
 7.48162326e-06  1.00149777e+00 -5.88650060e-06 
 7.50662326e-06  9.94239775e-01 -5.93229488e-06 
 7.53162326e-06  9.87220579e-01 -5.89694155e-06 
 7.55662326e-06  9.80489113e-01 -5.94408961e-06 
 7.58162326e-06  9.74092356e-01 -5.90998125e-06 
 7.60662326e-06  9.68068193e-01 -5.95807513e-06 
 7.63162326e-06  9.62438922e-01 -5.92446156e-06 
 7.65662326e-06  9.57208228e-01 -5.97253876e-06 
 7.68162326e-06  9.52362973e-01 -5.93847255e-06 
 7.70662326e-06  9.47879123e-01 -5.98583800e-06 
 7.73162326e-06  9.43728708e-01 -5.95097581e-06 
 7.75662326e-06  9.39884780e-01 -5.99756819e-06 
 7.78162326e-06  9.36323527e-01 -5.96198530e-06 
 7.80662326e-06  9.33024585e-01 -6.00791671e-06 
 7.83162326e-06  9.29970570e-01 -5.97171920e-06 
 7.85662326e-06  9.27146238e-01 -6.01706473e-06 
 7.88162326e-06  9.24537742e-01 -5.98029804e-06 
 7.90662326e-06  9.22132155e-01 -6.02508685e-06 
 7.93162326e-06  9.19917202e-01 -5.98777478e-06 
 7.95662326e-06  9.17881129e-01 -6.03203222e-06 
 7.98162326e-06  9.16012661e-01 -5.99420454e-06 
 8.00662326e-06  9.14300991e-01 -6.03796543e-06 
 8.03162326e-06  9.12735781e-01 -5.99966143e-06 
 8.05662326e-06  9.11307166e-01 -6.04296857e-06 
 8.08162326e-06  9.10005757e-01 -6.00423355e-06 
 8.10662326e-06  9.08822635e-01 -6.04713381e-06 
 8.13162326e-06  9.07749344e-01 -6.00801544e-06 
 8.15662326e-06  9.06777883e-01 -6.05055661e-06 
 8.18162326e-06  9.05900692e-01 -6.01110228e-06 
 8.20662326e-06  9.05110633e-01 -6.05333094e-06 
 8.23162326e-06  9.04400984e-01 -6.01358608e-06 
 8.25662326e-06  9.03765413e-01 -6.05554623e-06 
 8.28162326e-06  9.03197970e-01 -6.01555324e-06 
 8.30662326e-06  9.02693062e-01 -6.05728554e-06 
 8.33162326e-06  9.02245449e-01 -6.01708321e-06 
 8.35662326e-06  9.01850215e-01 -6.05862454e-06 
 8.38162326e-06  9.01502765e-01 -6.01824782e-06 
 8.40662326e-06  9.01198803e-01 -6.05963114e-06 
 8.43162326e-06  9.00934321e-01 -6.01911102e-06 
 8.45662326e-06  9.00705583e-01 -6.06036542e-06 
 8.48162326e-06  9.00509118e-01 -6.01972909e-06 
 8.50662326e-06  9.00341698e-01 -6.06087988e-06 
 8.53162326e-06  9.00200336e-01 -6.02015086e-06 
 8.55662326e-06  9.00082267e-01 -6.06121982e-06 
 8.58162326e-06  8.99984938e-01 -6.02041822e-06 
 8.60662326e-06  8.99906002e-01 -6.06142387e-06 
 8.63162326e-06  8.99843298e-01 -6.02056666e-06 
 8.65662326e-06  8.99794852e-01 -6.06152449e-06 
 8.68162326e-06  8.99758855e-01 -6.02062580e-06 
 8.70662326e-06  8.99733664e-01 -6.06154864e-06 
 8.73162326e-06  8.99717783e-01 -6.02062005e-06 
 8.75662326e-06  8.99709862e-01 -6.06151831e-06 
 8.78162326e-06  8.99708680e-01 -6.02056916e-06 
 8.80662326e-06  8.99713143e-01 -6.06145119e-06 
 8.83162326e-06  8.99722272e-01 -6.02048888e-06 
 8.85662326e-06  8.99735195e-01 -6.06136119e-06 
 8.88162326e-06  8.99751138e-01 -6.02039145e-06 
 8.90662326e-06  8.99769422e-01 -6.06125905e-06 
 8.93162326e-06  8.99789448e-01 -6.02028619e-06 
 8.95662326e-06  8.99810699e-01 -6.06115278e-06 
 8.98162326e-06  8.99832724e-01 -6.02017997e-06 
 9.00662326e-06  8.99855140e-01 -6.06104819e-06 
 9.03162326e-06  8.99877620e-01 -6.02007762e-06 
 9.05662326e-06  8.99899889e-01 -6.06094928e-06 
 9.08162326e-06  8.99921721e-01 -6.01998239e-06 
 9.10662326e-06  8.99942931e-01 -6.06085860e-06 
 9.13162326e-06  8.99963371e-01 -6.01989624e-06 
 9.15662326e-06  8.99982926e-01 -6.06077760e-06 
 9.18162326e-06  9.00001511e-01 -6.01982015e-06 
 9.20662326e-06  9.00019066e-01 -6.06070687e-06 
 9.23162326e-06  9.00035552e-01 -6.01975439e-06 
 9.25662326e-06  9.00050950e-01 -6.06064639e-06 
 9.28162326e-06  9.00065256e-01 -6.01969868e-06 
 9.30662326e-06  9.00078479e-01 -6.06059569e-06 
 9.33162326e-06  9.00090641e-01 -6.01965241e-06 
 9.35662326e-06  9.00101772e-01 -6.06055403e-06 
 9.38162326e-06  9.00111909e-01 -6.01961474e-06 
 9.40662326e-06  9.00121094e-01 -6.06052050e-06 
 9.43162326e-06  9.00129376e-01 -6.01958472e-06 
 9.45662326e-06  9.00136803e-01 -6.06049412e-06 
 9.48162326e-06  9.00143428e-01 -6.01956134e-06 
 9.50662326e-06  9.00149303e-01 -6.06047387e-06 
 9.53162326e-06  9.00154483e-01 -6.01954361e-06 
 9.55662326e-06  9.00159019e-01 -6.06045881e-06 
 9.58162326e-06  9.00162963e-01 -6.01953061e-06 
 9.60662326e-06  9.00166365e-01 -6.06044802e-06 
 9.63162326e-06  9.00169274e-01 -6.01952146e-06 
 9.65662326e-06  9.00171736e-01 -6.06044070e-06 
 9.68162326e-06  9.00173795e-01 -6.01951540e-06 
 9.70662326e-06  9.00175493e-01 -6.06043612e-06 
 9.73162326e-06  9.00176868e-01 -6.01951176e-06 
 9.75662326e-06  9.00177957e-01 -6.06043367e-06 
 9.78162326e-06  9.00178795e-01 -6.01950998e-06 
 9.80662326e-06  9.00179411e-01 -6.06043281e-06 
 9.83162326e-06  9.00179835e-01 -6.01950955e-06 
 9.85662326e-06  9.00180094e-01 -6.06043310e-06 
 9.88162326e-06  9.00180211e-01 -6.01951010e-06 
 9.90662326e-06  9.00180209e-01 -6.06043420e-06 
 9.93162326e-06  9.00180106e-01 -6.01951130e-06 
 9.95662326e-06  9.00179921e-01 -6.06043582e-06 
 9.98162326e-06  9.00179668e-01 -6.01951290e-06 
 1.00066233e-05  9.00179363e-01 -6.06043774e-06 
 1.00316233e-05  9.00179016e-01 -6.01951471e-06 
 1.00566233e-05  9.00178640e-01 -6.06043978e-06 
 1.00816233e-05  9.00178243e-01 -6.01951658e-06 
 1.01066233e-05  9.00177833e-01 -6.06044183e-06 
 1.01316233e-05  9.00177418e-01 -6.01951841e-06 
 1.01566233e-05  9.00177002e-01 -6.06044380e-06 
 1.01816233e-05  9.00176592e-01 -6.01952013e-06 
 1.02066233e-05  9.00176190e-01 -6.06044564e-06 
 1.02316233e-05  9.00175801e-01 -6.01952170e-06 
 1.02566233e-05  9.00175426e-01 -6.06044730e-06 
 1.02816233e-05  9.00175069e-01 -6.01952308e-06 
 1.03066233e-05  9.00174729e-01 -6.06044878e-06 
 1.03316233e-05  9.00174409e-01 -6.01952427e-06 
 1.03566233e-05  9.00174109e-01 -6.06045006e-06 
 1.03816233e-05  9.00173829e-01 -6.01952527e-06 
 1.04066233e-05  9.00173569e-01 -6.06045117e-06 
 1.04316233e-05  9.00173329e-01 -6.01952610e-06 
 1.04566233e-05  9.00173109e-01 -6.06045209e-06 
 1.04816233e-05  9.00172907e-01 -6.01952676e-06 
 1.05066233e-05  9.00172724e-01 -6.06045287e-06 
 1.05316233e-05  9.00172558e-01 -6.01952727e-06 
 1.05566233e-05  9.00172408e-01 -6.06045350e-06 
 1.05816233e-05  9.00172274e-01 -6.01952765e-06 
 1.06066233e-05  9.00172155e-01 -6.06045401e-06 
 1.06316233e-05  9.00172049e-01 -6.01952792e-06 
 1.06566233e-05  9.00171956e-01 -6.06045442e-06 
 1.06816233e-05  9.00171875e-01 -6.01952810e-06 
 1.07066233e-05  9.00171804e-01 -6.06045475e-06 
 1.07316233e-05  9.00171743e-01 -6.01952820e-06 
 1.07566233e-05  9.00171691e-01 -6.06045500e-06 
 1.07816233e-05  9.00171647e-01 -6.01952824e-06 
 1.08066233e-05  9.00171611e-01 -6.06045520e-06 
 1.08316233e-05  9.00171581e-01 -6.01952822e-06 
 1.08566233e-05  9.00171556e-01 -6.06045536e-06 
 1.08816233e-05  9.00171537e-01 -6.01952817e-06 
 1.09066233e-05  9.00171522e-01 -6.06045548e-06 
 1.09316233e-05  9.00171512e-01 -6.01952809e-06 
 1.09566233e-05  9.00171504e-01 -6.06045558e-06 
 1.09816233e-05  9.00171500e-01 -6.01952800e-06 
 1.10066233e-05  9.00171498e-01 -6.06045566e-06 
 1.10316233e-05  9.00171499e-01 -6.01952788e-06 
 1.10566233e-05  9.00171501e-01 -6.06045573e-06 
 1.10816233e-05  9.00171505e-01 -6.01952776e-06 
 1.11066233e-05  9.00171509e-01 -6.06045579e-06 
 1.11316233e-05  9.00171515e-01 -6.01952763e-06 
 1.11566233e-05  9.00171522e-01 -6.06045585e-06 
 1.11816233e-05  9.00171528e-01 -6.01952750e-06 
 1.12066233e-05  9.00171536e-01 -6.06045591e-06 
 1.12316233e-05  9.00171543e-01 -6.01952737e-06 
 1.12566233e-05  9.00171551e-01 -6.06045597e-06 
 1.12816233e-05  9.00171559e-01 -6.01952724e-06 
 1.13066233e-05  9.00171566e-01 -6.06045603e-06 
 1.13316233e-05  9.00171573e-01 -6.01952712e-06 
 1.13566233e-05  9.00171581e-01 -6.06045609e-06 
 1.13816233e-05  9.00171587e-01 -6.01952700e-06 
 1.14066233e-05  9.00171594e-01 -6.06045616e-06 
 1.14316233e-05  9.00171600e-01 -6.01952688e-06 
 1.14566233e-05  9.00171606e-01 -6.06045623e-06 
 1.14816233e-05  9.00171611e-01 -6.01952676e-06 
 1.15066233e-05  9.00171616e-01 -6.06045631e-06 
 1.15316233e-05  9.00171621e-01 -6.01952665e-06 
 1.15566233e-05  9.00171625e-01 -6.06045638e-06 
 1.15816233e-05  9.00171629e-01 -6.01952654e-06 
 1.16066233e-05  9.00171633e-01 -6.06045646e-06 
 1.16316233e-05  9.00171636e-01 -6.01952643e-06 
 1.16566233e-05  9.00171639e-01 -6.06045655e-06 
 1.16816233e-05  9.00171642e-01 -6.01952633e-06 
 1.17066233e-05  9.00171644e-01 -6.06045663e-06 
 1.17316233e-05  9.00171647e-01 -6.01952623e-06 
 1.17566233e-05  9.00171648e-01 -6.06045672e-06 
 1.17816233e-05  9.00171650e-01 -6.01952613e-06 
 1.18066233e-05  9.00171652e-01 -6.06045681e-06 
 1.18316233e-05  9.00171653e-01 -6.01952603e-06 
 1.18566233e-05  9.00171654e-01 -6.06045690e-06 
 1.18816233e-05  9.00171655e-01 -6.01952593e-06 
 1.19066233e-05  9.00171656e-01 -6.06045699e-06 
 1.19316233e-05  9.00171656e-01 -6.01952584e-06 
 1.19566233e-05  9.00171657e-01 -6.06045708e-06 
 1.19783116e-05  9.00171657e-01 -6.01952573e-06 
 1.20000000e-05  9.00171657e-01 -6.06045719e-06 
 1.20000042e-05  9.00171608e-01 -1.64867692e-05 
 1.20000127e-05  9.00171408e-01 -2.27479447e-05 
 1.20000166e-05  9.00171250e-01 -2.28958057e-05 
 1.20000221e-05  9.00170962e-01 -2.25090440e-05 
 1.20000271e-05  9.00170639e-01 -2.22313546e-05 
 1.20000334e-05  9.00170172e-01 -2.18524913e-05 
 1.20000408e-05  9.00169543e-01 -2.14997796e-05 
 1.20000487e-05  9.00168790e-01 -2.11425672e-05 
 1.20000577e-05  9.00167845e-01 -2.08366437e-05 
 1.20000667e-05  9.00166823e-01 -2.05598438e-05 
 1.20000773e-05  9.00165538e-01 -2.03341851e-05 
 1.20000880e-05  9.00164145e-01 -2.01323062e-05 
 1.20001007e-05  9.00162379e-01 -1.99859066e-05 
 1.20001140e-05  9.00160431e-01 -1.98576519e-05 
 1.20001299e-05  9.00157929e-01 -1.97900764e-05 
 1.20001470e-05  9.00155078e-01 -1.97368241e-05 
 1.20001681e-05  9.00151325e-01 -1.97532384e-05 
 1.20001916e-05  9.00146849e-01 -1.97883000e-05 
 1.20002218e-05  9.00140718e-01 -1.99159178e-05 
 1.20002579e-05  9.00132932e-01 -2.00925093e-05 
 1.20003079e-05  9.00121518e-01 -2.04380925e-05 
 1.20003751e-05  9.00105603e-01 -2.09542096e-05 
 1.20004660e-05  9.00084017e-01 -2.17635830e-05 
 1.20005665e-05  9.00061487e-01 -2.26345553e-05 
 1.20006680e-05  9.00041315e-01 -2.34622125e-05 
 1.20007855e-05  9.00021935e-01 -2.42706769e-05 
 1.20008928e-05  9.00007705e-01 -2.49620731e-05 
 1.20010000e-05  8.99995448e-01 -2.56298280e-05 
 1.20010000e-05  8.99995443e-01 -2.03951594e-05 
 1.20010001e-05  8.99995432e-01 -2.04210785e-05 
 1.20010003e-05  8.99995411e-01 -2.02686024e-05 
 1.20010007e-05  8.99995371e-01 -1.94456655e-05 
 1.20010014e-05  8.99995294e-01 -1.82283852e-05 
 1.20010029e-05  8.99995143e-01 -1.59088610e-05 
 1.20010045e-05  8.99994982e-01 -1.41420314e-05 
 1.20010073e-05  8.99994725e-01 -1.19056204e-05 
 1.20010109e-05  8.99994425e-01 -1.06457182e-05 
 1.20010170e-05  8.99994011e-01 -9.88088427e-06 
 1.20010237e-05  8.99993664e-01 -1.01687957e-05 
 1.20010307e-05  8.99993412e-01 -1.04099388e-05 
 1.20010380e-05  8.99993238e-01 -1.08860425e-05 
 1.20010458e-05  8.99993143e-01 -1.10991865e-05 
 1.20010543e-05  8.99993121e-01 -1.15101023e-05 
 1.20010632e-05  8.99993178e-01 -1.16458824e-05 
 1.20010733e-05  8.99993322e-01 -1.19761515e-05 
 1.20010839e-05  8.99993548e-01 -1.20326257e-05 
 1.20010960e-05  8.99993890e-01 -1.22836019e-05 
 1.20011089e-05  8.99994325e-01 -1.22663768e-05 
 1.20011241e-05  8.99994918e-01 -1.24440400e-05 
 1.20011404e-05  8.99995615e-01 -1.23607207e-05 
 1.20011604e-05  8.99996516e-01 -1.24717476e-05 
 1.20011824e-05  8.99997489e-01 -1.23284538e-05 
 1.20012109e-05  8.99998608e-01 -1.23751448e-05 
 1.20012435e-05  8.99999501e-01 -1.21701311e-05 
 1.20012897e-05  8.99999659e-01 -1.21383475e-05 
 1.20013470e-05  8.99997414e-01 -1.18447146e-05 
 1.20014446e-05  8.99985626e-01 -1.16611325e-05 
 1.20015880e-05  8.99947410e-01 -1.11626988e-05 
 1.20018000e-05  8.99843602e-01 -1.08095758e-05 
 1.20020046e-05  8.99692773e-01 -1.03489177e-05 
 1.20022583e-05  8.99445973e-01 -1.01308182e-05 
 1.20025219e-05  8.99130958e-01 -9.76060113e-06 
 1.20028520e-05  8.98668711e-01 -9.62858137e-06 
 1.20032103e-05  8.98099735e-01 -9.31882035e-06 
 1.20036546e-05  8.97320953e-01 -9.24516876e-06 
 1.20041537e-05  8.96374360e-01 -8.97566600e-06 
 1.20047632e-05  8.95147292e-01 -8.93777321e-06 
 1.20054566e-05  8.93689123e-01 -8.69184143e-06 
 1.20063068e-05  8.91849415e-01 -8.66905168e-06 
 1.20072936e-05  8.89683044e-01 -8.42790819e-06 
 1.20085108e-05  8.87011103e-01 -8.40302386e-06 
 1.20099497e-05  8.83898974e-01 -8.15272178e-06 
 1.20117403e-05  8.80143328e-01 -8.11373682e-06 
 1.20139034e-05  8.75818744e-01 -7.84476029e-06 
 1.20166454e-05  8.70693771e-01 -7.78402943e-06 
 1.20200793e-05  8.64825158e-01 -7.49055002e-06 
 1.20246322e-05  8.57893863e-01 -7.40348933e-06 
 1.20307899e-05  8.49804990e-01 -7.08201551e-06 
 1.20399929e-05  8.39778999e-01 -6.96613387e-06 
 1.20517032e-05  8.29440723e-01 -6.66501849e-06 
 1.20638983e-05  8.20437591e-01 -6.65271443e-06 
 1.20770024e-05  8.11865476e-01 -6.45923010e-06 
 1.20903613e-05  8.03730646e-01 -6.51961140e-06 
 1.21057935e-05  7.94647926e-01 -6.37382651e-06 
 1.21230421e-05  7.84580007e-01 -6.46437264e-06 
 1.21441307e-05  7.72141993e-01 -6.34109906e-06 
 1.21691307e-05  7.57079816e-01 -6.44723671e-06 
 1.21941307e-05  7.41669934e-01 -6.33492523e-06 
 1.22191307e-05  7.25977084e-01 -6.44663440e-06 
 1.22441307e-05  7.10078123e-01 -6.33620752e-06 
 1.22691307e-05  6.94037181e-01 -6.44844331e-06 
 1.22941307e-05  6.77901324e-01 -6.33808348e-06 
 1.23191307e-05  6.61702864e-01 -6.45025476e-06 
 1.23441307e-05  6.45463172e-01 -6.33981883e-06 
 1.23691307e-05  6.29196093e-01 -6.45192866e-06 
 1.23941307e-05  6.12910538e-01 -6.34145438e-06 
 1.24191307e-05  5.96612288e-01 -6.45353814e-06 
 1.24441307e-05  5.80305222e-01 -6.34304879e-06 
 1.24691307e-05  5.63992146e-01 -6.45511680e-06 
 1.24941307e-05  5.47675394e-01 -6.34461051e-06 
 1.25191307e-05  5.31357311e-01 -6.45664857e-06 
 1.25441307e-05  5.15040728e-01 -6.34609666e-06 
 1.25691307e-05  4.98729486e-01 -6.45805731e-06 
 1.25941307e-05  4.82429088e-01 -6.34738687e-06 
 1.26191307e-05  4.66147499e-01 -6.45916330e-06 
 1.26441307e-05  4.49896122e-01 -6.34822416e-06 
 1.26691307e-05  4.33690942e-01 -6.45961378e-06 
 1.26941307e-05  4.17553836e-01 -6.34814381e-06 
 1.27191307e-05  4.01514077e-01 -6.45882202e-06 
 1.27441307e-05  3.85610088e-01 -6.34643833e-06 
 1.27691307e-05  3.69891570e-01 -6.45598205e-06 
 1.27941307e-05  3.54422253e-01 -6.34226658e-06 
 1.28191307e-05  3.39283912e-01 -6.45036890e-06 
 1.28441307e-05  3.24582635e-01 -6.33530743e-06 
 1.28691307e-05  3.10458834e-01 -6.44256149e-06 
 1.28941307e-05  2.97102392e-01 -6.32784168e-06 
 1.29191307e-05  2.84761888e-01 -6.43739303e-06 
 1.29441307e-05  2.73711345e-01 -6.32702069e-06 
 1.29691307e-05  2.64143663e-01 -6.44139240e-06 
 1.29941307e-05  2.56051626e-01 -6.33370337e-06 
 1.30191307e-05  2.49225401e-01 -6.44748126e-06 
 1.30441307e-05  2.43377363e-01 -6.33732553e-06 
 1.30691307e-05  2.38264791e-01 -6.44879879e-06 
 1.30941307e-05  2.33728244e-01 -6.33735989e-06 
 1.31191307e-05  2.29672326e-01 -6.44834866e-06 
 1.31441307e-05  2.26036954e-01 -6.33679354e-06 
 1.31691307e-05  2.22778793e-01 -6.44776694e-06 
 1.31941307e-05  2.19862278e-01 -6.33620808e-06 
 1.32191307e-05  2.17255876e-01 -6.44717190e-06 
 1.32441307e-05  2.14930935e-01 -6.33560699e-06 
 1.32691307e-05  2.12861233e-01 -6.44656797e-06 
 1.32941307e-05  2.11022775e-01 -6.33500932e-06 
 1.33191307e-05  2.09393628e-01 -6.44598038e-06 
 1.33441307e-05  2.07953771e-01 -6.33443937e-06 
 1.33691307e-05  2.06684929e-01 -6.44542930e-06 
 1.33941307e-05  2.05570421e-01 -6.33391234e-06 
 1.34191307e-05  2.04595012e-01 -6.44492555e-06 
 1.34441307e-05  2.03744781e-01 -6.33343556e-06 
 1.34691307e-05  2.03007001e-01 -6.44447380e-06 
 1.34941307e-05  2.02370034e-01 -6.33301169e-06 
 1.35191307e-05  2.01823231e-01 -6.44407523e-06 
 1.35441307e-05  2.01356857e-01 -6.33264076e-06 
 1.35691307e-05  2.00962009e-01 -6.44372898e-06 
 1.35941307e-05  2.00630555e-01 -6.33232121e-06 
 1.36191307e-05  2.00355075e-01 -6.44343289e-06 
 1.36441307e-05  2.00128808e-01 -6.33205039e-06 
 1.36691307e-05  1.99945602e-01 -6.44318391e-06 
 1.36941307e-05  1.99799878e-01 -6.33182489e-06 
 1.37191307e-05  1.99686582e-01 -6.44297833e-06 
 1.37441307e-05  1.99601156e-01 -6.33164074e-06 
 1.37691307e-05  1.99539497e-01 -6.44281195e-06 
 1.37941307e-05  1.99497933e-01 -6.33149357e-06 
 1.38191307e-05  1.99473184e-01 -6.44268030e-06 
 1.38441307e-05  1.99462342e-01 -6.33137884e-06 
 1.38691307e-05  1.99462834e-01 -6.44257878e-06 
 1.38941307e-05  1.99472405e-01 -6.33129193e-06 
 1.39191307e-05  1.99489085e-01 -6.44250283e-06 
 1.39441307e-05  1.99511169e-01 -6.33122836e-06 
 1.39691307e-05  1.99537192e-01 -6.44244806e-06 
 1.39941307e-05  1.99565908e-01 -6.33118389e-06 
 1.40191307e-05  1.99596267e-01 -6.44241040e-06 
 1.40441307e-05  1.99627395e-01 -6.33115462e-06 
 1.40691307e-05  1.99658576e-01 -6.44238617e-06 
 1.40941307e-05  1.99689233e-01 -6.33113713e-06 
 1.41191307e-05  1.99718910e-01 -6.44237217e-06 
 1.41441307e-05  1.99747259e-01 -6.33112842e-06 
 1.41691307e-05  1.99774025e-01 -6.44236565e-06 
 1.41941307e-05  1.99799029e-01 -6.33112600e-06 
 1.42191307e-05  1.99822162e-01 -6.44236436e-06 
 1.42441307e-05  1.99843367e-01 -6.33112785e-06 
 1.42691307e-05  1.99862636e-01 -6.44236650e-06 
 1.42941307e-05  1.99879996e-01 -6.33113239e-06 
 1.43191307e-05  1.99895506e-01 -6.44237069e-06 
 1.43441307e-05  1.99909244e-01 -6.33113841e-06 
 1.43691307e-05  1.99921308e-01 -6.44237587e-06 
 1.43941307e-05  1.99931805e-01 -6.33114502e-06 
 1.44191307e-05  1.99940851e-01 -6.44238133e-06 
 1.44441307e-05  1.99948566e-01 -6.33115162e-06 
 1.44691307e-05  1.99955070e-01 -6.44238656e-06 
 1.44941307e-05  1.99960483e-01 -6.33115783e-06 
 1.45191307e-05  1.99964919e-01 -6.44239127e-06 
 1.45441307e-05  1.99968490e-01 -6.33116340e-06 
 1.45691307e-05  1.99971300e-01 -6.44239528e-06 
 1.45941307e-05  1.99973448e-01 -6.33116825e-06 
 1.46191307e-05  1.99975024e-01 -6.44239855e-06 
 1.46441307e-05  1.99976113e-01 -6.33117234e-06 
 1.46691307e-05  1.99976789e-01 -6.44240108e-06 
 1.46941307e-05  1.99977123e-01 -6.33117571e-06 
 1.47191307e-05  1.99977174e-01 -6.44240294e-06 
 1.47441307e-05  1.99976999e-01 -6.33117844e-06 
 1.47691307e-05  1.99976644e-01 -6.44240419e-06 
 1.47941307e-05  1.99976152e-01 -6.33118060e-06 
 1.48191307e-05  1.99975558e-01 -6.44240494e-06 
 1.48441307e-05  1.99974893e-01 -6.33118231e-06 
 1.48691307e-05  1.99974184e-01 -6.44240527e-06 
 1.48941307e-05  1.99973452e-01 -6.33118364e-06 
 1.49191307e-05  1.99972715e-01 -6.44240527e-06 
 1.49441307e-05  1.99971987e-01 -6.33118469e-06 
 1.49691307e-05  1.99971281e-01 -6.44240503e-06 
 1.49941307e-05  1.99970604e-01 -6.33118551e-06 
 1.50191307e-05  1.99969964e-01 -6.44240460e-06 
 1.50441307e-05  1.99969364e-01 -6.33118618e-06 
 1.50691307e-05  1.99968808e-01 -6.44240405e-06 
 1.50941307e-05  1.99968297e-01 -6.33118674e-06 
 1.51191307e-05  1.99967833e-01 -6.44240341e-06 
 1.51441307e-05  1.99967413e-01 -6.33118723e-06 
 1.51691307e-05  1.99967037e-01 -6.44240273e-06 
 1.51941307e-05  1.99966704e-01 -6.33118768e-06 
 1.52191307e-05  1.99966411e-01 -6.44240202e-06 
 1.52441307e-05  1.99966155e-01 -6.33118812e-06 
 1.52691307e-05  1.99965934e-01 -6.44240130e-06 
 1.52941307e-05  1.99965744e-01 -6.33118855e-06 
 1.53191307e-05  1.99965584e-01 -6.44240059e-06 
 1.53441307e-05  1.99965451e-01 -6.33118899e-06 
 1.53691307e-05  1.99965341e-01 -6.44239989e-06 
 1.53941307e-05  1.99965252e-01 -6.33118944e-06 
 1.54191307e-05  1.99965181e-01 -6.44239921e-06 
 1.54441307e-05  1.99965127e-01 -6.33118990e-06 
 1.54691307e-05  1.99965086e-01 -6.44239855e-06 
 1.54941307e-05  1.99965057e-01 -6.33119039e-06 
 1.55191307e-05  1.99965039e-01 -6.44239791e-06 
 1.55441307e-05  1.99965029e-01 -6.33119088e-06 
 1.55691307e-05  1.99965026e-01 -6.44239729e-06 
 1.55941307e-05  1.99965029e-01 -6.33119139e-06 
 1.56191307e-05  1.99965036e-01 -6.44239668e-06 
 1.56441307e-05  1.99965046e-01 -6.33119192e-06 
 1.56691307e-05  1.99965060e-01 -6.44239609e-06 
 1.56941307e-05  1.99965075e-01 -6.33119245e-06 
 1.57191307e-05  1.99965091e-01 -6.44239551e-06 
 1.57441307e-05  1.99965108e-01 -6.33119299e-06 
 1.57691307e-05  1.99965125e-01 -6.44239493e-06 
 1.57941307e-05  1.99965142e-01 -6.33119354e-06 
 1.58191307e-05  1.99965159e-01 -6.44239437e-06 
 1.58441307e-05  1.99965175e-01 -6.33119409e-06 
 1.58691307e-05  1.99965190e-01 -6.44239381e-06 
 1.58941307e-05  1.99965204e-01 -6.33119464e-06 
 1.59191307e-05  1.99965218e-01 -6.44239326e-06 
 1.59441307e-05  1.99965230e-01 -6.33119519e-06 
 1.59691307e-05  1.99965241e-01 -6.44239271e-06 
 1.59941307e-05  1.99965251e-01 -6.33119574e-06 
 1.60191307e-05  1.99965260e-01 -6.44239216e-06 
 1.60441307e-05  1.99965268e-01 -6.33119629e-06 
 1.60691307e-05  1.99965275e-01 -6.44239161e-06 
 1.60941307e-05  1.99965281e-01 -6.33119684e-06 
 1.61191307e-05  1.99965287e-01 -6.44239107e-06 
 1.61441307e-05  1.99965291e-01 -6.33119739e-06 
 1.61691307e-05  1.99965295e-01 -6.44239053e-06 
 1.61941307e-05  1.99965299e-01 -6.33119794e-06 
 1.62191307e-05  1.99965301e-01 -6.44238998e-06 
 1.62441307e-05  1.99965304e-01 -6.33119849e-06 
 1.62691307e-05  1.99965305e-01 -6.44238944e-06 
 1.62941307e-05  1.99965307e-01 -6.33119903e-06 
 1.63191307e-05  1.99965308e-01 -6.44238891e-06 
 1.63441307e-05  1.99965309e-01 -6.33119958e-06 
 1.63691307e-05  1.99965309e-01 -6.44238837e-06 
 1.63941307e-05  1.99965309e-01 -6.33120012e-06 
 1.64191307e-05  1.99965309e-01 -6.44238783e-06 
 1.64441307e-05  1.99965309e-01 -6.33120066e-06 
 1.64691307e-05  1.99965309e-01 -6.44238730e-06 
 1.64941307e-05  1.99965309e-01 -6.33120119e-06 
 1.65191307e-05  1.99965309e-01 -6.44238676e-06 
 1.65441307e-05  1.99965308e-01 -6.33120173e-06 
 1.65691307e-05  1.99965308e-01 -6.44238623e-06 
 1.65941307e-05  1.99965308e-01 -6.33120226e-06 
 1.66191307e-05  1.99965307e-01 -6.44238569e-06 
 1.66441307e-05  1.99965307e-01 -6.33120279e-06 
 1.66691307e-05  1.99965306e-01 -6.44238516e-06 
 1.66941307e-05  1.99965306e-01 -6.33120333e-06 
 1.67191307e-05  1.99965306e-01 -6.44238463e-06 
 1.67441307e-05  1.99965305e-01 -6.33120385e-06 
 1.67691307e-05  1.99965305e-01 -6.44238410e-06 
 1.67941307e-05  1.99965305e-01 -6.33120438e-06 
 1.68191307e-05  1.99965305e-01 -6.44238358e-06 
 1.68441307e-05  1.99965304e-01 -6.33120491e-06 
 1.68691307e-05  1.99965304e-01 -6.44238305e-06 
 1.68941307e-05  1.99965304e-01 -6.33120543e-06 
 1.69191307e-05  1.99965304e-01 -6.44238253e-06 
 1.69441307e-05  1.99965304e-01 -6.33120596e-06 
 1.69691307e-05  1.99965303e-01 -6.44238200e-06 
 1.69941307e-05  1.99965303e-01 -6.33120648e-06 
 1.70191307e-05  1.99965303e-01 -6.44238148e-06 
 1.70441307e-05  1.99965303e-01 -6.33120700e-06 
 1.70691307e-05  1.99965303e-01 -6.44238096e-06 
 1.70941307e-05  1.99965303e-01 -6.33120752e-06 
 1.71191307e-05  1.99965303e-01 -6.44238044e-06 
 1.71441307e-05  1.99965303e-01 -6.33120804e-06 
 1.71691307e-05  1.99965303e-01 -6.44237992e-06 
 1.71941307e-05  1.99965303e-01 -6.33120856e-06 
 1.72191307e-05  1.99965303e-01 -6.44237941e-06 
 1.72441307e-05  1.99965303e-01 -6.33120907e-06 
 1.72691307e-05  1.99965303e-01 -6.44237889e-06 
 1.72941307e-05  1.99965303e-01 -6.33120959e-06 
 1.73191307e-05  1.99965303e-01 -6.44237838e-06 
 1.73441307e-05  1.99965303e-01 -6.33121010e-06 
 1.73691307e-05  1.99965303e-01 -6.44237787e-06 
 1.73941307e-05  1.99965303e-01 -6.33121061e-06 
 1.74191307e-05  1.99965303e-01 -6.44237736e-06 
 1.74441307e-05  1.99965303e-01 -6.33121112e-06 
 1.74691307e-05  1.99965303e-01 -6.44237685e-06 
 1.74941307e-05  1.99965303e-01 -6.33121163e-06 
 1.75191307e-05  1.99965303e-01 -6.44237634e-06 
 1.75441307e-05  1.99965303e-01 -6.33121214e-06 
 1.75691307e-05  1.99965303e-01 -6.44237583e-06 
 1.75941307e-05  1.99965303e-01 -6.33121264e-06 
 1.76191307e-05  1.99965303e-01 -6.44237533e-06 
 1.76441307e-05  1.99965303e-01 -6.33121315e-06 
 1.76691307e-05  1.99965303e-01 -6.44237482e-06 
 1.76941307e-05  1.99965303e-01 -6.33121365e-06 
 1.77191307e-05  1.99965303e-01 -6.44237432e-06 
 1.77441307e-05  1.99965303e-01 -6.33121415e-06 
 1.77691307e-05  1.99965303e-01 -6.44237382e-06 
 1.77941307e-05  1.99965303e-01 -6.33121465e-06 
 1.78191307e-05  1.99965303e-01 -6.44237332e-06 
 1.78441307e-05  1.99965303e-01 -6.33121515e-06 
 1.78691307e-05  1.99965303e-01 -6.44237282e-06 
 1.78941307e-05  1.99965303e-01 -6.33121565e-06 
 1.79191307e-05  1.99965303e-01 -6.44237232e-06 
 1.79441307e-05  1.99965303e-01 -6.33121615e-06 
 1.79691307e-05  1.99965303e-01 -6.44237183e-06 
 1.79941307e-05  1.99965303e-01 -6.33121664e-06 
 1.80191307e-05  1.99965303e-01 -6.44237133e-06 
 1.80441307e-05  1.99965303e-01 -6.33121714e-06 
 1.80691307e-05  1.99965303e-01 -6.44237084e-06 
 1.80941307e-05  1.99965303e-01 -6.33121763e-06 
 1.81191307e-05  1.99965303e-01 -6.44237035e-06 
 1.81441307e-05  1.99965303e-01 -6.33121812e-06 
 1.81691307e-05  1.99965303e-01 -6.44236986e-06 
 1.81941307e-05  1.99965303e-01 -6.33121861e-06 
 1.82191307e-05  1.99965303e-01 -6.44236936e-06 
 1.82441307e-05  1.99965303e-01 -6.33121910e-06 
 1.82691307e-05  1.99965303e-01 -6.44236888e-06 
 1.82941307e-05  1.99965303e-01 -6.33121959e-06 
 1.83191307e-05  1.99965303e-01 -6.44236839e-06 
 1.83441307e-05  1.99965303e-01 -6.33122008e-06 
 1.83691307e-05  1.99965303e-01 -6.44236790e-06 
 1.83941307e-05  1.99965303e-01 -6.33122056e-06 
 1.84191307e-05  1.99965303e-01 -6.44236742e-06 
 1.84441307e-05  1.99965303e-01 -6.33122105e-06 
 1.84691307e-05  1.99965303e-01 -6.44236694e-06 
 1.84941307e-05  1.99965303e-01 -6.33122153e-06 
 1.85191307e-05  1.99965303e-01 -6.44236645e-06 
 1.85441307e-05  1.99965303e-01 -6.33122201e-06 
 1.85691307e-05  1.99965303e-01 -6.44236597e-06 
 1.85941307e-05  1.99965303e-01 -6.33122249e-06 
 1.86191307e-05  1.99965303e-01 -6.44236549e-06 
 1.86441307e-05  1.99965303e-01 -6.33122297e-06 
 1.86691307e-05  1.99965303e-01 -6.44236502e-06 
 1.86941307e-05  1.99965303e-01 -6.33122345e-06 
 1.87191307e-05  1.99965303e-01 -6.44236454e-06 
 1.87441307e-05  1.99965303e-01 -6.33122392e-06 
 1.87691307e-05  1.99965303e-01 -6.44236406e-06 
 1.87941307e-05  1.99965303e-01 -6.33122440e-06 
 1.88191307e-05  1.99965303e-01 -6.44236359e-06 
 1.88441307e-05  1.99965303e-01 -6.33122487e-06 
 1.88691307e-05  1.99965303e-01 -6.44236312e-06 
 1.88941307e-05  1.99965303e-01 -6.33122534e-06 
 1.89191307e-05  1.99965303e-01 -6.44236264e-06 
 1.89441307e-05  1.99965303e-01 -6.33122581e-06 
 1.89691307e-05  1.99965303e-01 -6.44236217e-06 
 1.89941307e-05  1.99965303e-01 -6.33122628e-06 
 1.90191307e-05  1.99965303e-01 -6.44236170e-06 
 1.90441307e-05  1.99965303e-01 -6.33122675e-06 
 1.90691307e-05  1.99965303e-01 -6.44236124e-06 
 1.90941307e-05  1.99965303e-01 -6.33122722e-06 
 1.91191307e-05  1.99965303e-01 -6.44236077e-06 
 1.91441307e-05  1.99965303e-01 -6.33122769e-06 
 1.91691307e-05  1.99965303e-01 -6.44236030e-06 
 1.91941307e-05  1.99965303e-01 -6.33122815e-06 
 1.92191307e-05  1.99965303e-01 -6.44235984e-06 
 1.92441307e-05  1.99965303e-01 -6.33122861e-06 
 1.92691307e-05  1.99965303e-01 -6.44235938e-06 
 1.92941307e-05  1.99965303e-01 -6.33122908e-06 
 1.93191307e-05  1.99965303e-01 -6.44235892e-06 
 1.93441307e-05  1.99965303e-01 -6.33122954e-06 
 1.93691307e-05  1.99965303e-01 -6.44235845e-06 
 1.93941307e-05  1.99965303e-01 -6.33123000e-06 
 1.94191307e-05  1.99965303e-01 -6.44235800e-06 
 1.94441307e-05  1.99965303e-01 -6.33123046e-06 
 1.94691307e-05  1.99965303e-01 -6.44235754e-06 
 1.94941307e-05  1.99965303e-01 -6.33123091e-06 
 1.95191307e-05  1.99965303e-01 -6.44235708e-06 
 1.95441307e-05  1.99965303e-01 -6.33123137e-06 
 1.95691307e-05  1.99965303e-01 -6.44235663e-06 
 1.95941307e-05  1.99965303e-01 -6.33123182e-06 
 1.96191307e-05  1.99965303e-01 -6.44235617e-06 
 1.96441307e-05  1.99965303e-01 -6.33123228e-06 
 1.96691307e-05  1.99965303e-01 -6.44235572e-06 
 1.96941307e-05  1.99965303e-01 -6.33123273e-06 
 1.97191307e-05  1.99965303e-01 -6.44235527e-06 
 1.97441307e-05  1.99965303e-01 -6.33123318e-06 
 1.97691307e-05  1.99965303e-01 -6.44235482e-06 
 1.97941307e-05  1.99965303e-01 -6.33123363e-06 
 1.98191307e-05  1.99965303e-01 -6.44235437e-06 
 1.98441307e-05  1.99965303e-01 -6.33123408e-06 
 1.98691307e-05  1.99965303e-01 -6.44235392e-06 
 1.98941307e-05  1.99965303e-01 -6.33123453e-06 
 1.99191307e-05  1.99965303e-01 -6.44235347e-06 
 1.99441307e-05  1.99965303e-01 -6.33123497e-06 
 1.99691307e-05  1.99965303e-01 -6.44235303e-06 
 1.99941307e-05  1.99965303e-01 -6.33123542e-06 
 2.00191307e-05  1.99965303e-01 -6.44235258e-06 
 2.00441307e-05  1.99965303e-01 -6.33123586e-06 
 2.00691307e-05  1.99965303e-01 -6.44235214e-06 
 2.00941307e-05  1.99965303e-01 -6.33123631e-06 
 2.01191307e-05  1.99965303e-01 -6.44235170e-06 
 2.01441307e-05  1.99965303e-01 -6.33123675e-06 
 2.01691307e-05  1.99965303e-01 -6.44235126e-06 
 2.01941307e-05  1.99965303e-01 -6.33123719e-06 
 2.02191307e-05  1.99965303e-01 -6.44235082e-06 
 2.02441307e-05  1.99965303e-01 -6.33123763e-06 
 2.02691307e-05  1.99965303e-01 -6.44235038e-06 
 2.02941307e-05  1.99965303e-01 -6.33123806e-06 
 2.03191307e-05  1.99965303e-01 -6.44234994e-06 
 2.03441307e-05  1.99965303e-01 -6.33123850e-06 
 2.03691307e-05  1.99965303e-01 -6.44234950e-06 
 2.03941307e-05  1.99965303e-01 -6.33123894e-06 
 2.04191307e-05  1.99965303e-01 -6.44234907e-06 
 2.04441307e-05  1.99965303e-01 -6.33123937e-06 
 2.04691307e-05  1.99965303e-01 -6.44234864e-06 
 2.04941307e-05  1.99965303e-01 -6.33123980e-06 
 2.05191307e-05  1.99965303e-01 -6.44234820e-06 
 2.05441307e-05  1.99965303e-01 -6.33124023e-06 
 2.05691307e-05  1.99965303e-01 -6.44234777e-06 
 2.05941307e-05  1.99965303e-01 -6.33124067e-06 
 2.06191307e-05  1.99965303e-01 -6.44234734e-06 
 2.06441307e-05  1.99965303e-01 -6.33124109e-06 
 2.06691307e-05  1.99965303e-01 -6.44234691e-06 
 2.06941307e-05  1.99965303e-01 -6.33124152e-06 
 2.07191307e-05  1.99965303e-01 -6.44234649e-06 
 2.07441307e-05  1.99965303e-01 -6.33124195e-06 
 2.07691307e-05  1.99965303e-01 -6.44234606e-06 
 2.07941307e-05  1.99965303e-01 -6.33124237e-06 
 2.08191307e-05  1.99965303e-01 -6.44234564e-06 
 2.08441307e-05  1.99965303e-01 -6.33124280e-06 
 2.08691307e-05  1.99965303e-01 -6.44234521e-06 
 2.08941307e-05  1.99965303e-01 -6.33124322e-06 
 2.09191307e-05  1.99965303e-01 -6.44234479e-06 
 2.09441307e-05  1.99965303e-01 -6.33124364e-06 
 2.09691307e-05  1.99965303e-01 -6.44234437e-06 
 2.09941307e-05  1.99965303e-01 -6.33124407e-06 
 2.10191307e-05  1.99965303e-01 -6.44234395e-06 
 2.10441307e-05  1.99965303e-01 -6.33124449e-06 
 2.10691307e-05  1.99965303e-01 -6.44234353e-06 
 2.10941307e-05  1.99965303e-01 -6.33124490e-06 
 2.11191307e-05  1.99965303e-01 -6.44234311e-06 
 2.11441307e-05  1.99965303e-01 -6.33124532e-06 
 2.11691307e-05  1.99965303e-01 -6.44234269e-06 
 2.11941307e-05  1.99965303e-01 -6.33124574e-06 
 2.12191307e-05  1.99965303e-01 -6.44234228e-06 
 2.12441307e-05  1.99965303e-01 -6.33124615e-06 
 2.12691307e-05  1.99965303e-01 -6.44234186e-06 
 2.12941307e-05  1.99965303e-01 -6.33124657e-06 
 2.13191307e-05  1.99965303e-01 -6.44234145e-06 
 2.13441307e-05  1.99965303e-01 -6.33124698e-06 
 2.13691307e-05  1.99965303e-01 -6.44234104e-06 
 2.13941307e-05  1.99965303e-01 -6.33124739e-06 
 2.14191307e-05  1.99965303e-01 -6.44234063e-06 
 2.14441307e-05  1.99965303e-01 -6.33124780e-06 
 2.14691307e-05  1.99965303e-01 -6.44234022e-06 
 2.14941307e-05  1.99965303e-01 -6.33124821e-06 
 2.15191307e-05  1.99965303e-01 -6.44233981e-06 
 2.15441307e-05  1.99965303e-01 -6.33124862e-06 
 2.15691307e-05  1.99965303e-01 -6.44233940e-06 
 2.15941307e-05  1.99965303e-01 -6.33124903e-06 
 2.16191307e-05  1.99965303e-01 -6.44233899e-06 
 2.16441307e-05  1.99965303e-01 -6.33124943e-06 
 2.16691307e-05  1.99965303e-01 -6.44233859e-06 
 2.16941307e-05  1.99965303e-01 -6.33124984e-06 
 2.17191307e-05  1.99965303e-01 -6.44233818e-06 
 2.17441307e-05  1.99965303e-01 -6.33125024e-06 
 2.17691307e-05  1.99965303e-01 -6.44233778e-06 
 2.17941307e-05  1.99965303e-01 -6.33125064e-06 
 2.18191307e-05  1.99965303e-01 -6.44233738e-06 
 2.18441307e-05  1.99965303e-01 -6.33125104e-06 
 2.18691307e-05  1.99965303e-01 -6.44233698e-06 
 2.18941307e-05  1.99965303e-01 -6.33125144e-06 
 2.19191307e-05  1.99965303e-01 -6.44233658e-06 
 2.19441307e-05  1.99965303e-01 -6.33125184e-06 
 2.19691307e-05  1.99965303e-01 -6.44233618e-06 
 2.19845653e-05  1.99965303e-01 -6.33125236e-06 
 2.20000000e-05  1.99965303e-01 -6.44233554e-06 
